n 100
e 0 4 7
e 0 7 10
e 0 9 5
e 0 11 9
e 0 12 9
e 0 22 4
e 0 34 10
e 0 35 8
e 0 57 1
e 0 71 1
e 0 79 2
e 0 83 8
e 0 89 6
e 1 9 4
e 1 18 9
e 1 27 4
e 1 28 3
e 1 32 5
e 1 33 7
e 1 37 4
e 1 49 7
e 1 55 5
e 1 60 10
e 1 82 10
e 1 83 2
e 2 6 7
e 2 33 6
e 2 59 7
e 2 62 8
e 3 4 3
e 3 6 4
e 3 29 10
e 3 32 10
e 3 36 1
e 3 42 7
e 3 54 10
e 3 55 4
e 3 58 1
e 3 62 8
e 3 64 9
e 3 76 5
e 3 85 8
e 3 87 4
e 4 13 5
e 4 15 1
e 4 19 2
e 4 37 5
e 4 43 5
e 4 45 3
e 4 47 4
e 4 48 4
e 4 63 2
e 4 80 7
e 4 90 5
e 4 96 8
e 4 99 8
e 5 18 1
e 5 24 9
e 5 25 6
e 5 39 10
e 5 60 8
e 5 61 8
e 5 69 9
e 5 84 2
e 6 9 4
e 6 15 7
e 6 39 6
e 6 41 6
e 6 52 9
e 6 67 10
e 6 68 2
e 6 73 5
e 6 90 8
e 7 9 4
e 7 15 3
e 7 27 8
e 7 35 7
e 7 63 4
e 7 64 6
e 7 75 4
e 7 81 10
e 7 92 8
e 7 99 5
e 8 12 5
e 8 13 4
e 8 14 5
e 8 27 5
e 8 32 2
e 8 52 8
e 8 56 1
e 8 57 5
e 8 64 4
e 9 11 7
e 9 35 8
e 9 43 8
e 9 48 1
e 9 65 8
e 9 73 8
e 9 77 1
e 9 94 6
e 10 26 3
e 10 29 2
e 10 42 6
e 10 54 9
e 10 57 1
e 10 59 5
e 10 63 9
e 10 80 8
e 10 94 1
e 11 35 10
e 11 43 5
e 11 44 7
e 11 53 3
e 11 54 5
e 11 74 3
e 11 84 4
e 11 88 6
e 11 90 8
e 12 15 6
e 12 19 5
e 12 28 7
e 12 44 8
e 12 69 6
e 12 72 4
e 12 77 1
e 12 78 3
e 12 83 10
e 12 89 4
e 12 96 6
e 13 23 3
e 13 33 10
e 13 42 10
e 13 45 3
e 13 49 6
e 13 65 1
e 13 74 6
e 13 76 9
e 14 45 9
e 14 90 10
e 15 29 10
e 15 32 9
e 15 70 5
e 15 82 10
e 15 89 2
e 15 90 1
e 16 38 4
e 16 45 2
e 16 54 10
e 16 57 4
e 16 66 6
e 16 95 2
e 16 99 6
e 17 19 2
e 17 38 2
e 17 53 4
e 17 55 9
e 17 61 5
e 17 72 5
e 17 73 2
e 17 77 9
e 17 80 3
e 17 85 9
e 17 90 4
e 17 98 1
e 17 99 7
e 18 21 10
e 18 27 3
e 18 44 10
e 18 62 1
e 18 68 10
e 18 79 2
e 18 94 6
e 19 33 10
e 19 43 10
e 19 44 6
e 19 57 9
e 19 60 7
e 19 61 8
e 19 67 3
e 19 83 5
e 19 89 5
e 19 94 2
e 20 32 10
e 20 35 3
e 20 54 6
e 20 71 4
e 20 86 1
e 20 90 7
e 20 94 1
e 21 29 10
e 21 30 9
e 21 40 2
e 21 44 7
e 21 50 2
e 21 61 2
e 21 73 8
e 21 80 4
e 21 87 5
e 21 91 9
e 21 99 8
e 22 54 8
e 22 63 1
e 22 66 2
e 22 75 3
e 23 28 10
e 23 46 4
e 23 57 1
e 23 60 4
e 23 85 8
e 24 38 3
e 24 47 4
e 24 48 3
e 25 28 2
e 25 33 9
e 25 57 3
e 25 58 6
e 25 71 4
e 25 78 5
e 26 35 3
e 26 43 7
e 26 85 1
e 26 95 10
e 27 36 3
e 27 52 2
e 27 53 2
e 27 58 2
e 27 69 7
e 27 73 5
e 27 76 1
e 27 83 1
e 27 89 8
e 27 98 7
e 28 34 1
e 28 43 4
e 28 75 3
e 28 85 6
e 28 86 2
e 28 89 8
e 28 98 5
e 29 37 5
e 29 58 7
e 29 70 5
e 29 75 1
e 29 76 8
e 29 80 7
e 30 31 3
e 30 41 4
e 30 52 4
e 30 56 1
e 30 81 1
e 30 83 2
e 31 33 9
e 31 36 3
e 31 59 5
e 31 73 1
e 31 87 6
e 31 93 2
e 32 37 7
e 32 42 10
e 32 49 1
e 32 52 2
e 32 55 8
e 32 66 9
e 32 87 1
e 32 97 1
e 33 38 10
e 33 47 10
e 33 55 3
e 33 60 2
e 33 74 3
e 33 91 7
e 33 93 1
e 34 35 5
e 34 39 6
e 34 47 4
e 34 69 7
e 34 77 1
e 34 78 3
e 34 80 5
e 34 91 10
e 35 40 2
e 35 44 4
e 35 87 2
e 35 90 8
e 35 97 4
e 36 40 6
e 36 44 9
e 36 49 4
e 36 74 7
e 36 75 4
e 36 80 6
e 36 98 5
e 37 48 3
e 37 55 7
e 37 96 1
e 38 47 9
e 38 63 9
e 38 66 7
e 38 73 6
e 38 81 3
e 38 99 9
e 39 46 3
e 39 61 5
e 39 68 6
e 39 71 4
e 39 74 10
e 39 78 4
e 39 88 9
e 39 98 3
e 40 46 6
e 40 57 9
e 40 73 4
e 40 76 4
e 40 78 4
e 41 45 7
e 41 47 7
e 41 62 10
e 41 89 7
e 41 96 1
e 42 45 1
e 42 53 8
e 42 60 9
e 42 96 4
e 43 50 3
e 43 55 2
e 43 61 1
e 43 65 10
e 43 73 8
e 43 77 2
e 44 88 6
e 44 95 8
e 44 97 5
e 45 55 7
e 45 63 9
e 45 82 3
e 45 97 1
e 46 58 1
e 46 67 4
e 46 75 5
e 47 53 1
e 47 91 2
e 47 98 4
e 48 75 4
e 49 52 4
e 49 64 7
e 49 67 7
e 49 71 1
e 49 75 6
e 49 89 6
e 49 91 7
e 49 94 7
e 50 59 7
e 50 86 5
e 50 88 1
e 50 98 2
e 51 72 8
e 51 83 10
e 51 87 10
e 51 91 1
e 51 94 3
e 52 66 4
e 52 68 3
e 52 80 4
e 52 89 5
e 52 93 1
e 52 94 9
e 53 58 3
e 53 71 2
e 53 79 3
e 53 80 10
e 53 84 6
e 53 86 2
e 54 65 3
e 54 66 9
e 54 81 2
e 55 62 8
e 55 88 6
e 55 92 9
e 56 61 7
e 56 72 1
e 56 73 5
e 56 74 9
e 56 94 7
e 57 59 2
e 57 74 6
e 57 75 9
e 58 59 5
e 58 63 7
e 58 75 3
e 58 80 4
e 58 94 9
e 58 99 3
e 59 69 2
e 59 72 5
e 59 91 4
e 59 93 9
e 60 63 9
e 60 83 10
e 60 87 1
e 61 64 1
e 61 77 5
e 61 80 5
e 61 99 10
e 62 72 2
e 62 78 8
e 63 66 3
e 63 70 1
e 63 79 5
e 64 65 9
e 64 69 8
e 64 70 2
e 64 73 10
e 64 78 8
e 64 89 1
e 64 90 2
e 64 92 7
e 65 69 6
e 65 97 1
e 66 86 2
e 66 88 4
e 66 89 4
e 67 72 6
e 67 91 5
e 67 98 9
e 68 71 4
e 68 75 4
e 68 80 4
e 69 95 3
e 71 82 4
e 71 95 6
e 71 98 7
e 71 99 5
e 73 77 7
e 74 93 8
e 75 88 5
e 76 84 5
e 76 87 3
e 76 88 2
e 77 83 3
e 77 98 1
e 78 89 2
e 79 96 3
e 81 85 2
e 81 87 5
e 81 91 8
e 81 99 7
e 82 94 7
e 82 95 4
e 82 97 2
e 84 89 8
e 84 92 3
e 85 95 5
e 85 99 1
e 88 92 2
e 89 92 6
e 93 96 4
e 95 96 4
e 95 98 10
e 96 98 9
