n 100
e 0 4 1
e 4 0 1
e 0 7 10
e 7 0 10
e 0 9 1
e 9 0 1
e 0 11 1
e 11 0 1
e 0 12 4
e 12 0 4
e 0 22 8
e 22 0 8
e 0 34 3
e 34 0 3
e 0 35 9
e 35 0 9
e 0 57 8
e 57 0 8
e 0 71 6
e 71 0 6
e 0 79 6
e 79 0 6
e 0 83 9
e 83 0 9
e 0 89 2
e 89 0 2
e 1 9 4
e 9 1 4
e 1 18 1
e 18 1 1
e 1 27 2
e 27 1 2
e 1 28 9
e 28 1 9
e 1 32 2
e 32 1 2
e 1 33 6
e 33 1 6
e 1 37 6
e 37 1 6
e 1 49 8
e 49 1 8
e 1 55 8
e 55 1 8
e 1 60 5
e 60 1 5
e 1 82 8
e 82 1 8
e 1 83 10
e 83 1 10
e 2 6 4
e 6 2 4
e 2 33 3
e 33 2 3
e 2 59 8
e 59 2 8
e 2 62 7
e 62 2 7
e 3 4 3
e 4 3 3
e 3 6 7
e 6 3 7
e 3 29 5
e 29 3 5
e 3 32 9
e 32 3 9
e 3 36 8
e 36 3 8
e 3 42 5
e 42 3 5
e 3 54 3
e 54 3 3
e 3 55 9
e 55 3 9
e 3 58 2
e 58 3 2
e 3 62 9
e 62 3 9
e 3 64 2
e 64 3 2
e 3 76 1
e 76 3 1
e 3 85 7
e 85 3 7
e 3 87 5
e 87 3 5
e 4 13 8
e 13 4 8
e 4 15 10
e 15 4 10
e 4 19 7
e 19 4 7
e 4 37 1
e 37 4 1
e 4 43 7
e 43 4 7
e 4 45 8
e 45 4 8
e 4 47 5
e 47 4 5
e 4 48 1
e 48 4 1
e 4 63 1
e 63 4 1
e 4 80 1
e 80 4 1
e 4 90 7
e 90 4 7
e 4 96 2
e 96 4 2
e 4 99 10
e 99 4 10
e 5 18 4
e 18 5 4
e 5 24 7
e 24 5 7
e 5 25 6
e 25 5 6
e 5 39 5
e 39 5 5
e 5 60 5
e 60 5 5
e 5 61 9
e 61 5 9
e 5 69 4
e 69 5 4
e 5 84 6
e 84 5 6
e 6 9 2
e 9 6 2
e 6 15 1
e 15 6 1
e 6 39 8
e 39 6 8
e 6 41 9
e 41 6 9
e 6 52 10
e 52 6 10
e 6 67 3
e 67 6 3
e 6 68 6
e 68 6 6
e 6 73 2
e 73 6 2
e 6 90 5
e 90 6 5
e 7 9 1
e 9 7 1
e 7 15 3
e 15 7 3
e 7 27 10
e 27 7 10
e 7 35 5
e 35 7 5
e 7 63 10
e 63 7 10
e 7 64 10
e 64 7 10
e 7 75 9
e 75 7 9
e 7 81 4
e 81 7 4
e 7 92 1
e 92 7 1
e 7 99 8
e 99 7 8
e 8 12 7
e 12 8 7
e 8 13 5
e 13 8 5
e 8 14 5
e 14 8 5
e 8 27 1
e 27 8 1
e 8 32 1
e 32 8 1
e 8 52 1
e 52 8 1
e 8 56 6
e 56 8 6
e 8 57 2
e 57 8 2
e 8 64 8
e 64 8 8
e 9 11 2
e 11 9 2
e 9 35 3
e 35 9 3
e 9 43 9
e 43 9 9
e 9 48 6
e 48 9 6
e 9 65 7
e 65 9 7
e 9 73 6
e 73 9 6
e 9 77 3
e 77 9 3
e 9 94 1
e 94 9 1
e 10 26 5
e 26 10 5
e 10 29 7
e 29 10 7
e 10 42 3
e 42 10 3
e 10 54 8
e 54 10 8
e 10 57 10
e 57 10 10
e 10 59 7
e 59 10 7
e 10 63 5
e 63 10 5
e 10 80 4
e 80 10 4
e 10 94 1
e 94 10 1
e 11 35 1
e 35 11 1
e 11 43 5
e 43 11 5
e 11 44 7
e 44 11 7
e 11 53 5
e 53 11 5
e 11 54 3
e 54 11 3
e 11 74 7
e 74 11 7
e 11 84 2
e 84 11 2
e 11 88 2
e 88 11 2
e 11 90 9
e 90 11 9
e 12 15 8
e 15 12 8
e 12 19 6
e 19 12 6
e 12 28 8
e 28 12 8
e 12 44 2
e 44 12 2
e 12 69 7
e 69 12 7
e 12 72 3
e 72 12 3
e 12 77 2
e 77 12 2
e 12 78 5
e 78 12 5
e 12 83 2
e 83 12 2
e 12 89 8
e 89 12 8
e 12 96 10
e 96 12 10
e 13 23 10
e 23 13 10
e 13 33 3
e 33 13 3
e 13 42 9
e 42 13 9
e 13 45 6
e 45 13 6
e 13 49 5
e 49 13 5
e 13 65 3
e 65 13 3
e 13 74 8
e 74 13 8
e 13 76 2
e 76 13 2
e 14 45 10
e 45 14 10
e 14 90 3
e 90 14 3
e 15 29 9
e 29 15 9
e 15 32 7
e 32 15 7
e 15 70 6
e 70 15 6
e 15 82 1
e 82 15 1
e 15 89 2
e 89 15 2
e 15 90 1
e 90 15 1
e 16 38 8
e 38 16 8
e 16 45 5
e 45 16 5
e 16 54 10
e 54 16 10
e 16 57 6
e 57 16 6
e 16 66 6
e 66 16 6
e 16 95 9
e 95 16 9
e 16 99 4
e 99 16 4
e 17 19 10
e 19 17 10
e 17 38 1
e 38 17 1
e 17 53 3
e 53 17 3
e 17 55 7
e 55 17 7
e 17 61 3
e 61 17 3
e 17 72 10
e 72 17 10
e 17 73 10
e 73 17 10
e 17 77 9
e 77 17 9
e 17 80 5
e 80 17 5
e 17 85 5
e 85 17 5
e 17 90 3
e 90 17 3
e 17 98 7
e 98 17 7
e 17 99 8
e 99 17 8
e 18 21 3
e 21 18 3
e 18 27 1
e 27 18 1
e 18 44 8
e 44 18 8
e 18 62 9
e 62 18 9
e 18 68 1
e 68 18 1
e 18 79 5
e 79 18 5
e 18 94 9
e 94 18 9
e 19 33 6
e 33 19 6
e 19 43 8
e 43 19 8
e 19 44 2
e 44 19 2
e 19 57 5
e 57 19 5
e 19 60 5
e 60 19 5
e 19 61 6
e 61 19 6
e 19 67 2
e 67 19 2
e 19 83 8
e 83 19 8
e 19 89 1
e 89 19 1
e 19 94 2
e 94 19 2
e 20 32 9
e 32 20 9
e 20 35 7
e 35 20 7
e 20 54 8
e 54 20 8
e 20 71 8
e 71 20 8
e 20 86 1
e 86 20 1
e 20 90 9
e 90 20 9
e 20 94 1
e 94 20 1
e 21 29 10
e 29 21 10
e 21 30 10
e 30 21 10
e 21 40 4
e 40 21 4
e 21 44 2
e 44 21 2
e 21 50 9
e 50 21 9
e 21 61 10
e 61 21 10
e 21 73 8
e 73 21 8
e 21 80 2
e 80 21 2
e 21 87 3
e 87 21 3
e 21 91 1
e 91 21 1
e 21 99 3
e 99 21 3
e 22 54 3
e 54 22 3
e 22 63 8
e 63 22 8
e 22 66 2
e 66 22 2
e 22 75 3
e 75 22 3
e 23 28 7
e 28 23 7
e 23 46 6
e 46 23 6
e 23 57 3
e 57 23 3
e 23 60 6
e 60 23 6
e 23 85 3
e 85 23 3
e 24 38 8
e 38 24 8
e 24 47 2
e 47 24 2
e 24 48 3
e 48 24 3
e 25 28 8
e 28 25 8
e 25 33 2
e 33 25 2
e 25 57 8
e 57 25 8
e 25 58 2
e 58 25 2
e 25 71 9
e 71 25 9
e 25 78 6
e 78 25 6
e 26 35 1
e 35 26 1
e 26 43 2
e 43 26 2
e 26 85 9
e 85 26 9
e 26 95 10
e 95 26 10
e 27 36 7
e 36 27 7
e 27 52 9
e 52 27 9
e 27 53 9
e 53 27 9
e 27 58 9
e 58 27 9
e 27 69 2
e 69 27 2
e 27 73 4
e 73 27 4
e 27 76 7
e 76 27 7
e 27 83 6
e 83 27 6
e 27 89 1
e 89 27 1
e 27 98 1
e 98 27 1
e 28 34 3
e 34 28 3
e 28 43 2
e 43 28 2
e 28 75 2
e 75 28 2
e 28 85 4
e 85 28 4
e 28 86 7
e 86 28 7
e 28 89 8
e 89 28 8
e 28 98 6
e 98 28 6
e 29 37 4
e 37 29 4
e 29 58 2
e 58 29 2
e 29 70 8
e 70 29 8
e 29 75 3
e 75 29 3
e 29 76 6
e 76 29 6
e 29 80 7
e 80 29 7
e 30 31 9
e 31 30 9
e 30 41 7
e 41 30 7
e 30 52 5
e 52 30 5
e 30 56 10
e 56 30 10
e 30 81 3
e 81 30 3
e 30 83 4
e 83 30 4
e 31 33 3
e 33 31 3
e 31 36 1
e 36 31 1
e 31 59 9
e 59 31 9
e 31 73 4
e 73 31 4
e 31 87 9
e 87 31 9
e 31 93 2
e 93 31 2
e 32 37 10
e 37 32 10
e 32 42 9
e 42 32 9
e 32 49 9
e 49 32 9
e 32 52 1
e 52 32 1
e 32 55 1
e 55 32 1
e 32 66 3
e 66 32 3
e 32 87 2
e 87 32 2
e 32 97 7
e 97 32 7
e 33 38 6
e 38 33 6
e 33 47 6
e 47 33 6
e 33 55 3
e 55 33 3
e 33 60 4
e 60 33 4
e 33 74 3
e 74 33 3
e 33 91 1
e 91 33 1
e 33 93 6
e 93 33 6
e 34 35 1
e 35 34 1
e 34 39 7
e 39 34 7
e 34 47 7
e 47 34 7
e 34 69 5
e 69 34 5
e 34 77 10
e 77 34 10
e 34 78 10
e 78 34 10
e 34 80 7
e 80 34 7
e 34 91 3
e 91 34 3
e 35 40 7
e 40 35 7
e 35 44 2
e 44 35 2
e 35 87 10
e 87 35 10
e 35 90 8
e 90 35 8
e 35 97 9
e 97 35 9
e 36 40 10
e 40 36 10
e 36 44 1
e 44 36 1
e 36 49 9
e 49 36 9
e 36 74 10
e 74 36 10
e 36 75 2
e 75 36 2
e 36 80 1
e 80 36 1
e 36 98 4
e 98 36 4
e 37 48 4
e 48 37 4
e 37 55 8
e 55 37 8
e 37 96 7
e 96 37 7
e 38 47 10
e 47 38 10
e 38 63 3
e 63 38 3
e 38 66 5
e 66 38 5
e 38 73 3
e 73 38 3
e 38 81 5
e 81 38 5
e 38 99 6
e 99 38 6
e 39 46 6
e 46 39 6
e 39 61 7
e 61 39 7
e 39 68 7
e 68 39 7
e 39 71 6
e 71 39 6
e 39 74 6
e 74 39 6
e 39 78 2
e 78 39 2
e 39 88 9
e 88 39 9
e 39 98 2
e 98 39 2
e 40 46 7
e 46 40 7
e 40 57 2
e 57 40 2
e 40 73 6
e 73 40 6
e 40 76 5
e 76 40 5
e 40 78 8
e 78 40 8
e 41 45 5
e 45 41 5
e 41 47 8
e 47 41 8
e 41 62 10
e 62 41 10
e 41 89 5
e 89 41 5
e 41 96 1
e 96 41 1
e 42 45 6
e 45 42 6
e 42 53 4
e 53 42 4
e 42 60 10
e 60 42 10
e 42 96 3
e 96 42 3
e 43 50 2
e 50 43 2
e 43 55 5
e 55 43 5
e 43 61 4
e 61 43 4
e 43 65 8
e 65 43 8
e 43 73 4
e 73 43 4
e 43 77 4
e 77 43 4
e 44 88 3
e 88 44 3
e 44 95 6
e 95 44 6
e 44 97 5
e 97 44 5
e 45 55 9
e 55 45 9
e 45 63 10
e 63 45 10
e 45 82 3
e 82 45 3
e 45 97 9
e 97 45 9
e 46 58 6
e 58 46 6
e 46 67 9
e 67 46 9
e 46 75 1
e 75 46 1
e 47 53 8
e 53 47 8
e 47 91 5
e 91 47 5
e 47 98 5
e 98 47 5
e 48 75 2
e 75 48 2
e 49 52 9
e 52 49 9
e 49 64 5
e 64 49 5
e 49 67 4
e 67 49 4
e 49 71 8
e 71 49 8
e 49 75 6
e 75 49 6
e 49 89 9
e 89 49 9
e 49 91 2
e 91 49 2
e 49 94 10
e 94 49 10
e 50 59 1
e 59 50 1
e 50 86 7
e 86 50 7
e 50 88 7
e 88 50 7
e 50 98 6
e 98 50 6
e 51 72 2
e 72 51 2
e 51 83 2
e 83 51 2
e 51 87 2
e 87 51 2
e 51 91 10
e 91 51 10
e 51 94 7
e 94 51 7
e 52 66 2
e 66 52 2
e 52 68 3
e 68 52 3
e 52 80 1
e 80 52 1
e 52 89 1
e 89 52 1
e 52 93 2
e 93 52 2
e 52 94 3
e 94 52 3
e 53 58 5
e 58 53 5
e 53 71 7
e 71 53 7
e 53 79 4
e 79 53 4
e 53 80 7
e 80 53 7
e 53 84 7
e 84 53 7
e 53 86 6
e 86 53 6
e 54 65 5
e 65 54 5
e 54 66 6
e 66 54 6
e 54 81 1
e 81 54 1
e 55 62 2
e 62 55 2
e 55 88 8
e 88 55 8
e 55 92 3
e 92 55 3
e 56 61 1
e 61 56 1
e 56 72 5
e 72 56 5
e 56 73 2
e 73 56 2
e 56 74 4
e 74 56 4
e 56 94 9
e 94 56 9
e 57 59 6
e 59 57 6
e 57 74 7
e 74 57 7
e 57 75 2
e 75 57 2
e 58 59 4
e 59 58 4
e 58 63 7
e 63 58 7
e 58 75 2
e 75 58 2
e 58 80 1
e 80 58 1
e 58 94 5
e 94 58 5
e 58 99 8
e 99 58 8
e 59 69 7
e 69 59 7
e 59 72 6
e 72 59 6
e 59 91 1
e 91 59 1
e 59 93 1
e 93 59 1
e 60 63 5
e 63 60 5
e 60 83 2
e 83 60 2
e 60 87 9
e 87 60 9
e 61 64 4
e 64 61 4
e 61 77 1
e 77 61 1
e 61 80 9
e 80 61 9
e 61 99 3
e 99 61 3
e 62 72 8
e 72 62 8
e 62 78 9
e 78 62 9
e 63 66 2
e 66 63 2
e 63 70 2
e 70 63 2
e 63 79 10
e 79 63 10
e 64 65 9
e 65 64 9
e 64 69 7
e 69 64 7
e 64 70 6
e 70 64 6
e 64 73 10
e 73 64 10
e 64 78 2
e 78 64 2
e 64 89 8
e 89 64 8
e 64 90 1
e 90 64 1
e 64 92 1
e 92 64 1
e 65 69 6
e 69 65 6
e 65 97 9
e 97 65 9
e 66 86 4
e 86 66 4
e 66 88 6
e 88 66 6
e 66 89 2
e 89 66 2
e 67 72 6
e 72 67 6
e 67 91 8
e 91 67 8
e 67 98 5
e 98 67 5
e 68 71 3
e 71 68 3
e 68 75 10
e 75 68 10
e 68 80 10
e 80 68 10
e 69 95 4
e 95 69 4
e 71 82 5
e 82 71 5
e 71 95 8
e 95 71 8
e 71 98 6
e 98 71 6
e 71 99 6
e 99 71 6
e 73 77 8
e 77 73 8
e 74 93 8
e 93 74 8
e 75 88 8
e 88 75 8
e 76 84 10
e 84 76 10
e 76 87 2
e 87 76 2
e 76 88 9
e 88 76 9
e 77 83 1
e 83 77 1
e 77 98 7
e 98 77 7
e 78 89 4
e 89 78 4
e 79 96 7
e 96 79 7
e 81 85 9
e 85 81 9
e 81 87 2
e 87 81 2
e 81 91 5
e 91 81 5
e 81 99 8
e 99 81 8
e 82 94 7
e 94 82 7
e 82 95 9
e 95 82 9
e 82 97 6
e 97 82 6
e 84 89 6
e 89 84 6
e 84 92 3
e 92 84 3
e 85 95 9
e 95 85 9
e 85 99 10
e 99 85 10
e 88 92 2
e 92 88 2
e 89 92 7
e 92 89 7
e 93 96 3
e 96 93 3
e 95 96 6
e 96 95 6
e 95 98 7
e 98 95 7
e 96 98 8
e 98 96 8
