n 1000
e 0 107 10
e 0 131 4
e 0 257 2
e 0 423 10
e 0 429 4
e 0 476 5
e 0 504 1
e 0 541 1
e 0 549 9
e 0 646 3
e 0 680 1
e 0 746 2
e 0 783 1
e 0 881 1
e 0 911 1
e 1 68 9
e 1 79 7
e 1 99 3
e 1 115 4
e 1 131 8
e 1 243 9
e 1 247 8
e 1 399 10
e 1 437 9
e 1 457 9
e 1 495 3
e 1 551 7
e 1 605 6
e 1 630 7
e 1 675 6
e 1 804 2
e 1 866 3
e 1 911 8
e 2 52 10
e 2 91 1
e 2 128 7
e 2 188 9
e 2 213 6
e 2 369 2
e 2 457 10
e 2 469 3
e 2 521 6
e 2 665 1
e 2 694 6
e 2 742 3
e 2 811 3
e 2 845 1
e 2 930 4
e 2 983 5
e 3 5 4
e 3 24 9
e 3 178 8
e 3 393 1
e 3 470 4
e 3 511 9
e 3 702 6
e 3 772 2
e 3 815 10
e 3 819 5
e 3 896 6
e 3 909 10
e 3 935 3
e 4 11 1
e 4 63 2
e 4 154 3
e 4 187 8
e 4 211 1
e 4 277 8
e 4 340 9
e 4 343 7
e 4 525 2
e 4 677 1
e 4 744 6
e 4 869 6
e 4 873 2
e 5 50 4
e 5 62 1
e 5 68 6
e 5 73 2
e 5 174 8
e 5 226 7
e 5 237 2
e 5 342 10
e 5 402 2
e 5 581 4
e 5 654 5
e 5 690 8
e 5 892 4
e 5 895 9
e 5 898 1
e 5 988 9
e 5 998 8
e 6 108 6
e 6 310 2
e 6 327 4
e 6 343 9
e 6 380 7
e 6 389 5
e 6 510 5
e 6 701 4
e 6 866 7
e 6 894 7
e 6 964 10
e 7 52 5
e 7 61 1
e 7 130 4
e 7 146 4
e 7 182 8
e 7 190 6
e 7 199 7
e 7 267 3
e 7 277 10
e 7 281 10
e 7 292 7
e 7 418 8
e 7 519 10
e 7 564 9
e 7 565 7
e 7 575 1
e 7 652 6
e 7 687 9
e 7 817 4
e 8 30 9
e 8 71 2
e 8 121 1
e 8 184 5
e 8 241 5
e 8 283 10
e 8 303 2
e 8 432 7
e 8 476 9
e 8 551 1
e 8 607 7
e 8 631 1
e 8 761 9
e 8 766 6
e 8 780 5
e 8 880 1
e 8 910 9
e 8 984 6
e 9 46 10
e 9 75 2
e 9 78 4
e 9 150 7
e 9 184 3
e 9 203 7
e 9 210 2
e 9 350 7
e 9 522 5
e 9 650 9
e 9 654 2
e 9 728 4
e 9 834 6
e 9 840 1
e 9 876 1
e 10 271 8
e 10 309 10
e 10 331 6
e 10 332 2
e 10 356 6
e 10 427 7
e 10 443 1
e 10 587 3
e 10 733 2
e 10 796 5
e 10 838 4
e 10 864 1
e 10 943 10
e 10 994 4
e 11 31 8
e 11 229 3
e 11 261 7
e 11 300 7
e 11 510 1
e 11 548 3
e 11 643 10
e 11 723 5
e 11 765 9
e 11 820 8
e 11 845 8
e 12 38 9
e 12 145 5
e 12 161 9
e 12 195 4
e 12 241 8
e 12 281 2
e 12 299 2
e 12 687 4
e 12 746 9
e 12 866 8
e 12 929 10
e 12 938 4
e 12 959 4
e 13 17 3
e 13 130 6
e 13 141 9
e 13 301 7
e 13 477 4
e 13 542 10
e 13 560 9
e 13 570 10
e 13 590 6
e 13 651 10
e 13 667 6
e 13 679 8
e 13 777 6
e 13 833 9
e 13 858 6
e 13 997 9
e 14 49 5
e 14 247 8
e 14 281 7
e 14 439 2
e 14 465 4
e 14 506 5
e 14 578 10
e 14 652 5
e 14 711 4
e 14 740 10
e 14 839 5
e 14 936 3
e 14 991 4
e 14 998 10
e 15 62 7
e 15 157 1
e 15 279 2
e 15 413 1
e 15 486 6
e 15 527 2
e 15 634 5
e 15 662 4
e 15 675 8
e 15 722 1
e 15 850 9
e 15 865 6
e 15 872 3
e 15 886 8
e 15 931 10
e 15 982 2
e 15 986 8
e 16 398 1
e 16 428 4
e 16 572 1
e 16 724 5
e 16 733 7
e 16 756 4
e 16 814 1
e 16 942 10
e 16 976 10
e 17 95 8
e 17 275 4
e 17 297 5
e 17 453 10
e 17 455 8
e 17 481 4
e 17 507 9
e 17 644 10
e 17 794 1
e 17 849 2
e 17 986 3
e 18 270 6
e 18 286 2
e 18 388 5
e 18 399 5
e 18 431 3
e 18 585 6
e 18 591 3
e 18 594 5
e 18 860 2
e 18 870 6
e 18 937 6
e 19 45 9
e 19 67 10
e 19 98 8
e 19 133 4
e 19 222 5
e 19 256 3
e 19 329 6
e 19 350 9
e 19 468 4
e 19 523 3
e 19 581 9
e 19 593 8
e 19 707 7
e 19 820 5
e 19 952 10
e 20 156 1
e 20 202 10
e 20 217 5
e 20 262 2
e 20 409 3
e 20 475 3
e 20 598 2
e 20 666 4
e 20 741 7
e 20 751 7
e 20 772 2
e 20 783 10
e 20 794 3
e 21 51 10
e 21 181 5
e 21 201 9
e 21 313 1
e 21 364 8
e 21 388 4
e 21 439 4
e 21 452 2
e 21 507 6
e 21 529 9
e 21 641 6
e 21 852 1
e 21 858 9
e 21 954 6
e 22 56 6
e 22 104 8
e 22 135 7
e 22 234 2
e 22 274 4
e 22 331 7
e 22 348 7
e 22 349 6
e 22 429 9
e 22 480 4
e 22 584 3
e 22 594 10
e 22 635 7
e 22 709 1
e 22 721 9
e 22 723 7
e 22 870 7
e 22 960 8
e 23 112 4
e 23 128 2
e 23 176 10
e 23 413 10
e 23 427 5
e 23 505 8
e 23 520 10
e 23 546 3
e 23 594 1
e 23 657 8
e 23 695 8
e 23 696 9
e 23 762 6
e 23 940 10
e 23 956 1
e 24 55 8
e 24 115 8
e 24 246 3
e 24 256 9
e 24 263 8
e 24 271 1
e 24 328 1
e 24 339 8
e 24 382 9
e 24 411 9
e 24 453 4
e 24 478 2
e 24 533 8
e 24 587 2
e 24 659 3
e 24 666 8
e 24 675 4
e 24 768 3
e 24 790 4
e 25 252 7
e 25 346 8
e 25 486 8
e 25 695 4
e 25 807 10
e 25 809 2
e 25 867 8
e 25 894 4
e 26 73 1
e 26 114 4
e 26 295 6
e 26 449 3
e 26 586 8
e 26 691 1
e 26 816 6
e 26 836 7
e 26 848 10
e 26 861 1
e 26 892 1
e 26 899 7
e 26 931 4
e 27 38 8
e 27 85 5
e 27 100 10
e 27 104 6
e 27 137 8
e 27 138 10
e 27 154 6
e 27 171 8
e 27 181 3
e 27 264 10
e 27 282 10
e 27 295 8
e 27 381 5
e 27 504 9
e 27 547 2
e 27 639 3
e 27 656 9
e 27 694 9
e 27 737 5
e 27 744 4
e 27 846 5
e 27 899 7
e 28 47 10
e 28 57 10
e 28 262 8
e 28 472 1
e 28 567 4
e 28 726 6
e 28 760 2
e 28 777 9
e 28 780 10
e 28 877 7
e 28 900 7
e 28 986 8
e 29 284 1
e 29 384 9
e 29 413 3
e 29 463 2
e 29 656 6
e 29 797 7
e 29 811 10
e 29 942 7
e 30 140 6
e 30 203 10
e 30 218 8
e 30 289 7
e 30 307 5
e 30 348 10
e 30 433 9
e 30 466 4
e 30 543 5
e 30 585 8
e 30 592 8
e 30 629 6
e 30 683 1
e 30 705 7
e 30 754 4
e 30 867 4
e 30 937 3
e 31 245 4
e 31 294 2
e 31 295 6
e 31 375 1
e 31 446 7
e 31 533 6
e 31 550 9
e 31 590 1
e 31 762 2
e 31 835 1
e 31 930 3
e 31 942 4
e 31 986 3
e 31 997 7
e 32 80 5
e 32 109 6
e 32 141 5
e 32 209 5
e 32 503 2
e 32 530 6
e 32 754 5
e 32 818 4
e 32 938 7
e 32 995 4
e 33 127 8
e 33 227 1
e 33 403 2
e 33 462 6
e 33 477 1
e 33 596 1
e 33 605 5
e 33 752 3
e 33 757 1
e 33 769 4
e 33 875 2
e 33 989 5
e 34 76 9
e 34 115 5
e 34 218 5
e 34 318 1
e 34 529 4
e 34 531 8
e 34 556 7
e 34 565 7
e 34 650 5
e 34 678 1
e 34 691 8
e 34 693 9
e 34 736 10
e 34 788 3
e 34 806 4
e 34 809 10
e 34 860 6
e 34 919 5
e 34 930 9
e 35 325 2
e 35 559 2
e 35 602 9
e 35 682 4
e 35 772 4
e 35 869 1
e 35 964 1
e 36 55 10
e 36 61 6
e 36 70 9
e 36 123 3
e 36 174 9
e 36 208 8
e 36 431 6
e 36 447 6
e 36 502 4
e 36 562 1
e 36 996 10
e 37 211 9
e 37 246 10
e 37 391 1
e 37 458 8
e 37 569 10
e 37 615 9
e 37 673 7
e 37 681 3
e 37 688 7
e 37 689 7
e 37 728 10
e 37 761 9
e 37 889 6
e 37 973 5
e 38 114 7
e 38 116 4
e 38 134 3
e 38 181 4
e 38 333 8
e 38 602 5
e 38 604 10
e 38 788 2
e 39 58 2
e 39 321 3
e 39 370 10
e 39 374 7
e 39 498 7
e 39 561 1
e 39 589 7
e 39 618 4
e 39 764 5
e 39 798 10
e 39 851 8
e 40 350 8
e 40 399 9
e 40 589 9
e 40 692 7
e 40 706 1
e 40 731 2
e 40 767 6
e 40 813 7
e 40 994 5
e 41 86 10
e 41 90 8
e 41 99 10
e 41 143 8
e 41 299 10
e 41 331 4
e 41 351 5
e 41 600 2
e 41 619 10
e 41 653 3
e 41 737 5
e 41 902 9
e 41 916 3
e 41 985 1
e 41 987 1
e 42 91 6
e 42 163 10
e 42 264 5
e 42 298 5
e 42 327 10
e 42 366 5
e 42 374 7
e 42 431 9
e 42 482 1
e 42 617 4
e 42 628 6
e 42 710 2
e 42 730 2
e 42 794 1
e 42 802 2
e 42 808 10
e 42 824 9
e 42 870 3
e 43 57 9
e 43 167 1
e 43 236 10
e 43 346 1
e 43 441 3
e 43 442 4
e 43 443 5
e 43 747 1
e 43 794 4
e 43 913 7
e 43 964 6
e 43 965 10
e 44 73 4
e 44 168 1
e 44 177 10
e 44 217 7
e 44 225 8
e 44 232 5
e 44 281 3
e 44 312 9
e 44 332 6
e 44 353 10
e 44 371 1
e 44 380 8
e 44 450 3
e 44 497 9
e 44 593 9
e 44 759 6
e 44 783 3
e 44 909 9
e 45 174 9
e 45 184 7
e 45 238 5
e 45 240 5
e 45 285 10
e 45 326 4
e 45 330 10
e 45 370 8
e 45 488 10
e 45 545 6
e 45 547 7
e 45 717 6
e 45 748 2
e 45 864 5
e 45 866 4
e 45 908 10
e 45 959 4
e 45 978 7
e 45 993 7
e 46 200 6
e 46 251 7
e 46 324 4
e 46 384 2
e 46 404 3
e 46 408 4
e 46 804 7
e 46 838 8
e 46 932 6
e 47 49 6
e 47 211 9
e 47 238 2
e 47 333 2
e 47 362 6
e 47 368 1
e 47 457 9
e 47 475 9
e 47 506 8
e 47 613 1
e 47 655 8
e 47 708 6
e 47 714 6
e 47 826 5
e 47 843 9
e 47 871 10
e 48 200 10
e 48 279 5
e 48 282 5
e 48 310 6
e 48 354 7
e 48 376 10
e 48 417 4
e 48 591 4
e 48 674 2
e 48 713 3
e 48 726 3
e 48 734 10
e 48 754 9
e 48 756 3
e 48 760 3
e 48 786 8
e 48 850 2
e 48 878 8
e 48 900 7
e 48 961 1
e 49 108 9
e 49 330 9
e 49 353 5
e 49 406 10
e 49 468 7
e 49 527 7
e 49 713 9
e 49 736 9
e 49 786 6
e 49 789 7
e 49 878 2
e 50 52 2
e 50 83 2
e 50 104 2
e 50 117 9
e 50 242 2
e 50 288 9
e 50 300 10
e 50 374 6
e 50 406 2
e 50 407 6
e 50 474 9
e 50 542 2
e 50 571 8
e 50 604 1
e 50 664 4
e 50 671 5
e 50 768 5
e 50 786 7
e 51 68 2
e 51 98 10
e 51 108 3
e 51 275 4
e 51 318 9
e 51 376 3
e 51 421 7
e 51 432 9
e 51 474 3
e 51 548 3
e 51 578 4
e 51 679 4
e 51 855 4
e 52 133 7
e 52 144 9
e 52 171 1
e 52 174 2
e 52 215 8
e 52 330 4
e 52 338 6
e 52 349 6
e 52 423 6
e 52 467 1
e 52 540 1
e 52 582 2
e 52 636 9
e 52 654 7
e 52 702 9
e 52 736 8
e 52 936 9
e 52 967 6
e 53 244 4
e 53 277 9
e 53 350 9
e 53 443 3
e 53 447 9
e 53 457 7
e 53 473 3
e 53 593 4
e 53 664 7
e 53 709 3
e 53 710 5
e 53 757 8
e 53 869 2
e 53 949 4
e 54 256 6
e 54 481 10
e 54 502 3
e 54 601 1
e 54 829 6
e 54 838 8
e 54 909 3
e 55 104 4
e 55 262 1
e 55 392 1
e 55 421 1
e 55 524 7
e 55 617 3
e 55 635 9
e 55 725 7
e 55 837 7
e 55 874 8
e 55 911 2
e 55 927 8
e 56 128 8
e 56 130 8
e 56 188 10
e 56 268 2
e 56 282 6
e 56 297 5
e 56 343 8
e 56 396 9
e 56 444 5
e 56 459 3
e 56 494 10
e 56 579 8
e 56 624 8
e 56 630 4
e 56 681 4
e 56 908 7
e 56 914 1
e 56 959 2
e 57 119 6
e 57 215 3
e 57 363 3
e 57 369 6
e 57 511 7
e 57 543 3
e 57 586 8
e 57 622 7
e 57 858 8
e 57 926 7
e 57 952 7
e 57 956 10
e 57 976 7
e 57 996 1
e 58 112 10
e 58 232 10
e 58 284 4
e 58 336 7
e 58 339 6
e 58 361 6
e 58 403 4
e 58 589 2
e 58 635 3
e 58 812 8
e 58 835 2
e 59 135 2
e 59 159 10
e 59 259 10
e 59 266 2
e 59 346 10
e 59 442 1
e 59 613 2
e 59 624 8
e 59 709 5
e 59 825 7
e 60 111 9
e 60 131 7
e 60 152 6
e 60 222 7
e 60 256 8
e 60 435 8
e 60 443 2
e 60 571 3
e 60 574 3
e 60 746 5
e 60 902 8
e 60 969 4
e 61 135 4
e 61 207 8
e 61 280 8
e 61 310 10
e 61 378 6
e 61 576 4
e 61 666 9
e 61 676 4
e 61 719 7
e 61 844 6
e 61 923 10
e 61 929 4
e 62 210 6
e 62 341 3
e 62 355 6
e 62 472 3
e 62 495 9
e 62 524 8
e 62 533 9
e 62 706 1
e 62 712 5
e 62 827 7
e 62 888 8
e 62 925 7
e 62 992 8
e 62 998 5
e 63 180 2
e 63 213 5
e 63 245 5
e 63 288 3
e 63 335 8
e 63 356 2
e 63 404 4
e 63 430 3
e 63 492 6
e 63 530 6
e 63 533 6
e 63 627 3
e 63 683 10
e 63 823 1
e 63 918 4
e 63 950 4
e 63 997 10
e 64 219 3
e 64 492 6
e 64 606 7
e 64 621 8
e 64 638 6
e 64 688 4
e 64 763 2
e 64 916 2
e 65 141 6
e 65 176 10
e 65 345 2
e 65 352 3
e 65 374 8
e 65 450 8
e 65 557 3
e 65 587 8
e 65 657 6
e 65 685 5
e 65 761 1
e 65 804 10
e 65 850 10
e 65 877 4
e 65 898 9
e 65 979 1
e 65 984 1
e 66 198 3
e 66 359 9
e 66 364 9
e 66 418 4
e 66 467 5
e 66 491 4
e 66 515 4
e 66 646 2
e 66 662 8
e 66 663 10
e 66 768 1
e 66 952 1
e 67 90 3
e 67 212 9
e 67 214 10
e 67 280 8
e 67 342 3
e 67 363 1
e 67 368 1
e 67 407 4
e 67 416 7
e 67 467 2
e 67 509 6
e 67 541 1
e 67 593 2
e 67 739 4
e 67 753 1
e 67 855 2
e 67 940 5
e 67 945 6
e 67 964 1
e 67 968 9
e 67 985 10
e 68 183 3
e 68 275 2
e 68 295 9
e 68 351 5
e 68 369 6
e 68 424 7
e 68 465 4
e 68 472 1
e 68 507 6
e 68 524 8
e 68 542 5
e 68 760 8
e 69 121 4
e 69 301 1
e 69 345 6
e 69 384 4
e 69 482 8
e 69 656 8
e 69 757 1
e 69 778 8
e 69 848 1
e 70 164 10
e 70 179 7
e 70 213 10
e 70 243 9
e 70 273 3
e 70 476 3
e 70 549 8
e 70 799 10
e 70 808 5
e 70 826 4
e 70 835 10
e 70 913 6
e 71 279 5
e 71 283 9
e 71 336 7
e 71 357 3
e 71 540 6
e 71 562 1
e 71 697 9
e 71 744 9
e 71 755 10
e 71 775 1
e 72 157 9
e 72 337 6
e 72 341 1
e 72 368 2
e 72 447 4
e 72 475 4
e 72 663 1
e 72 763 4
e 72 765 9
e 72 787 5
e 72 876 7
e 72 914 2
e 72 947 3
e 72 974 4
e 73 185 8
e 73 251 10
e 73 256 5
e 73 257 9
e 73 261 7
e 73 325 10
e 73 365 8
e 73 408 10
e 73 459 4
e 73 474 6
e 73 495 1
e 73 537 1
e 73 609 4
e 73 754 10
e 73 767 3
e 73 775 3
e 73 802 9
e 73 864 2
e 73 876 8
e 73 968 2
e 73 969 4
e 74 145 4
e 74 149 7
e 74 179 6
e 74 431 1
e 74 474 5
e 74 588 6
e 74 621 2
e 74 756 6
e 74 878 10
e 75 105 3
e 75 142 4
e 75 165 3
e 75 253 8
e 75 280 7
e 75 289 10
e 75 343 6
e 75 469 7
e 75 472 1
e 75 556 8
e 75 635 4
e 75 648 5
e 75 756 5
e 75 780 7
e 75 877 3
e 75 894 10
e 76 106 3
e 76 160 6
e 76 241 2
e 76 277 2
e 76 334 9
e 76 365 1
e 76 381 3
e 76 522 10
e 76 866 3
e 76 929 7
e 76 986 4
e 77 125 6
e 77 326 4
e 77 390 10
e 77 526 4
e 77 583 4
e 77 678 7
e 77 699 1
e 77 730 3
e 77 759 5
e 77 809 7
e 77 887 9
e 77 990 5
e 78 103 3
e 78 109 8
e 78 262 9
e 78 343 9
e 78 346 2
e 78 350 8
e 78 362 7
e 78 449 1
e 78 920 1
e 78 971 9
e 79 107 10
e 79 116 7
e 79 249 6
e 79 466 4
e 79 528 9
e 79 564 8
e 79 566 10
e 79 921 2
e 79 968 7
e 79 984 6
e 80 245 7
e 80 305 5
e 80 375 4
e 80 391 2
e 80 661 10
e 80 663 2
e 80 736 2
e 80 813 1
e 80 862 5
e 81 253 3
e 81 278 8
e 81 293 4
e 81 392 2
e 81 404 10
e 81 499 10
e 81 500 8
e 81 554 1
e 81 866 6
e 81 960 8
e 81 970 8
e 82 151 6
e 82 188 7
e 82 324 6
e 82 326 6
e 82 398 8
e 82 400 5
e 82 434 9
e 82 643 4
e 82 658 4
e 82 790 10
e 82 876 5
e 83 231 9
e 83 240 9
e 83 295 5
e 83 324 3
e 83 446 2
e 83 492 8
e 83 515 6
e 83 549 7
e 83 553 4
e 83 594 3
e 83 609 4
e 83 636 10
e 83 720 2
e 83 757 4
e 83 760 8
e 83 809 3
e 83 832 9
e 83 897 7
e 83 927 9
e 83 999 6
e 84 285 1
e 84 287 2
e 84 347 3
e 84 368 1
e 84 439 1
e 84 445 8
e 84 466 1
e 84 541 1
e 84 681 3
e 84 704 4
e 84 784 3
e 85 89 3
e 85 210 3
e 85 234 2
e 85 246 3
e 85 302 7
e 85 316 8
e 85 382 8
e 85 498 3
e 85 532 2
e 85 553 5
e 85 567 6
e 85 589 5
e 85 635 4
e 85 770 1
e 85 781 1
e 85 822 6
e 85 902 9
e 85 922 5
e 85 951 8
e 86 164 3
e 86 171 9
e 86 231 10
e 86 669 2
e 86 777 8
e 86 778 2
e 86 964 5
e 87 118 4
e 87 236 9
e 87 244 1
e 87 283 9
e 87 335 8
e 87 396 5
e 87 565 10
e 87 621 5
e 87 744 6
e 87 966 5
e 87 994 2
e 88 306 10
e 88 318 9
e 88 377 10
e 88 427 10
e 88 458 7
e 88 479 7
e 88 498 1
e 88 597 4
e 88 631 8
e 88 634 10
e 88 664 3
e 88 665 2
e 88 740 4
e 88 777 9
e 88 810 10
e 88 849 4
e 88 899 6
e 88 939 1
e 88 955 4
e 88 995 1
e 89 145 2
e 89 201 7
e 89 296 4
e 89 398 6
e 89 409 6
e 89 528 2
e 89 539 1
e 89 767 9
e 89 953 9
e 90 158 4
e 90 160 3
e 90 251 9
e 90 284 6
e 90 384 6
e 90 391 2
e 90 433 1
e 90 509 6
e 90 667 3
e 90 697 9
e 90 763 2
e 90 765 6
e 90 845 3
e 90 869 3
e 90 890 6
e 90 917 9
e 90 967 7
e 91 286 4
e 91 309 3
e 91 374 7
e 91 531 2
e 91 608 1
e 91 619 8
e 91 824 3
e 91 866 10
e 91 975 6
e 92 218 4
e 92 312 5
e 92 630 3
e 92 670 3
e 92 711 1
e 92 833 7
e 92 977 7
e 93 97 5
e 93 134 3
e 93 173 10
e 93 284 8
e 93 300 10
e 93 303 2
e 93 344 4
e 93 461 1
e 93 491 1
e 93 530 10
e 93 571 7
e 93 626 1
e 93 641 9
e 93 710 9
e 93 963 5
e 94 229 4
e 94 246 9
e 94 247 2
e 94 361 8
e 94 503 3
e 94 534 10
e 94 540 1
e 94 549 9
e 94 588 3
e 94 646 1
e 94 681 2
e 94 760 10
e 94 762 3
e 94 878 8
e 94 924 9
e 94 930 3
e 95 206 6
e 95 287 3
e 95 367 3
e 95 401 10
e 95 409 10
e 95 410 10
e 95 440 3
e 95 587 4
e 95 653 10
e 95 903 10
e 95 937 1
e 95 964 3
e 95 995 9
e 96 154 7
e 96 174 3
e 96 182 9
e 96 353 5
e 96 374 8
e 96 408 3
e 96 464 9
e 96 508 3
e 96 585 3
e 96 607 9
e 96 845 10
e 96 882 1
e 96 904 7
e 97 176 10
e 97 208 3
e 97 231 3
e 97 321 4
e 97 405 5
e 97 407 7
e 97 456 1
e 97 470 3
e 97 553 6
e 97 633 5
e 97 688 2
e 97 751 4
e 97 864 2
e 97 906 2
e 97 953 10
e 97 968 3
e 98 143 10
e 98 161 1
e 98 180 6
e 98 291 7
e 98 440 7
e 98 456 9
e 98 465 7
e 98 496 7
e 98 541 9
e 98 674 8
e 98 677 2
e 98 720 9
e 98 722 7
e 98 725 6
e 98 735 3
e 98 766 8
e 98 824 1
e 99 260 9
e 99 279 4
e 99 399 3
e 99 485 5
e 99 631 5
e 99 726 3
e 99 761 8
e 99 853 10
e 99 856 6
e 99 876 1
e 99 988 3
e 100 176 5
e 100 193 9
e 100 424 9
e 100 440 10
e 100 467 7
e 100 481 4
e 100 666 3
e 100 669 7
e 100 681 3
e 100 706 7
e 100 713 6
e 100 803 10
e 100 805 7
e 100 860 7
e 100 957 8
e 100 996 4
e 101 106 2
e 101 162 4
e 101 182 7
e 101 306 9
e 101 344 9
e 101 458 5
e 101 473 8
e 101 477 5
e 101 493 8
e 101 594 8
e 101 769 9
e 101 848 6
e 101 892 1
e 101 917 1
e 101 926 1
e 102 321 3
e 102 350 10
e 102 496 10
e 102 551 3
e 102 623 5
e 102 701 7
e 102 716 5
e 102 742 3
e 102 877 7
e 102 878 9
e 102 905 2
e 102 907 7
e 102 958 10
e 103 119 10
e 103 133 2
e 103 184 5
e 103 291 9
e 103 297 8
e 103 315 4
e 103 415 5
e 103 484 8
e 103 500 3
e 103 740 9
e 103 927 6
e 104 121 9
e 104 126 9
e 104 271 8
e 104 314 5
e 104 321 7
e 104 349 4
e 104 358 9
e 104 382 3
e 104 430 5
e 104 580 2
e 104 668 5
e 104 703 2
e 104 718 8
e 104 729 6
e 104 749 7
e 104 802 9
e 104 843 2
e 104 909 3
e 104 913 2
e 104 933 2
e 104 939 6
e 104 962 5
e 105 211 3
e 105 245 6
e 105 498 4
e 105 598 2
e 105 608 2
e 105 969 7
e 105 973 8
e 105 998 4
e 106 175 4
e 106 223 9
e 106 298 10
e 106 585 8
e 106 659 8
e 106 860 6
e 106 950 8
e 107 272 1
e 107 286 7
e 107 547 3
e 107 644 9
e 107 752 10
e 107 758 1
e 107 872 4
e 107 905 2
e 107 911 10
e 108 166 7
e 108 171 8
e 108 247 7
e 108 262 5
e 108 307 2
e 108 386 7
e 108 434 6
e 108 528 3
e 108 555 1
e 108 581 2
e 108 719 10
e 108 893 5
e 108 976 4
e 109 126 10
e 109 369 3
e 109 370 5
e 109 376 3
e 109 388 6
e 109 411 9
e 109 498 2
e 109 521 7
e 109 558 9
e 109 713 2
e 109 736 3
e 109 975 8
e 110 163 4
e 110 168 7
e 110 240 4
e 110 277 8
e 110 337 10
e 110 428 4
e 110 463 9
e 110 674 8
e 110 680 4
e 110 689 3
e 110 702 5
e 110 709 4
e 110 826 6
e 110 839 4
e 110 870 6
e 110 923 10
e 110 929 4
e 111 115 2
e 111 158 9
e 111 178 5
e 111 184 2
e 111 306 5
e 111 329 10
e 111 355 10
e 111 416 7
e 111 425 4
e 111 470 1
e 111 492 7
e 111 553 9
e 111 585 9
e 111 725 10
e 111 835 5
e 111 889 10
e 111 949 5
e 112 288 7
e 112 495 2
e 112 578 8
e 112 605 7
e 112 608 5
e 112 628 10
e 112 757 3
e 113 129 3
e 113 275 9
e 113 334 7
e 113 353 1
e 113 413 6
e 113 414 6
e 113 452 5
e 113 535 5
e 113 561 1
e 113 576 1
e 113 587 6
e 113 696 8
e 113 710 7
e 113 727 2
e 113 780 3
e 113 828 10
e 113 858 6
e 113 933 6
e 114 123 7
e 114 150 7
e 114 259 5
e 114 271 10
e 114 378 4
e 114 483 3
e 114 507 9
e 114 551 10
e 114 618 2
e 114 620 10
e 114 641 9
e 114 655 6
e 114 836 8
e 114 867 2
e 114 899 9
e 114 960 3
e 115 128 2
e 115 187 6
e 115 263 8
e 115 276 10
e 115 393 10
e 115 429 6
e 115 449 3
e 115 514 9
e 115 527 2
e 115 605 4
e 115 720 9
e 115 787 3
e 115 791 9
e 115 890 3
e 115 906 3
e 115 998 8
e 116 198 1
e 116 283 6
e 116 373 1
e 116 538 7
e 116 558 4
e 116 734 6
e 116 761 10
e 116 874 8
e 116 980 10
e 117 206 9
e 117 241 10
e 117 300 2
e 117 318 1
e 117 380 8
e 117 490 2
e 117 560 9
e 117 685 3
e 117 747 5
e 117 765 6
e 117 835 8
e 117 962 4
e 118 154 1
e 118 178 7
e 118 241 1
e 118 340 4
e 118 402 1
e 118 515 9
e 118 589 10
e 118 765 10
e 118 810 5
e 118 922 10
e 119 163 3
e 119 217 8
e 119 258 3
e 119 295 5
e 119 586 7
e 119 636 6
e 119 790 1
e 119 797 9
e 119 860 8
e 119 926 2
e 119 950 7
e 120 122 9
e 120 151 1
e 120 173 3
e 120 268 7
e 120 284 2
e 120 310 7
e 120 382 9
e 120 439 10
e 120 442 5
e 120 484 9
e 120 531 7
e 120 550 7
e 120 646 9
e 120 678 5
e 120 716 5
e 120 742 10
e 120 751 10
e 120 757 8
e 120 765 9
e 120 769 1
e 120 803 9
e 120 829 10
e 121 363 2
e 121 439 6
e 121 471 7
e 121 523 2
e 121 558 3
e 121 634 1
e 121 655 9
e 121 719 10
e 121 745 8
e 121 747 4
e 121 751 10
e 121 861 3
e 122 133 3
e 122 310 7
e 122 366 6
e 122 401 1
e 122 463 7
e 122 476 6
e 122 645 1
e 122 821 2
e 122 937 1
e 122 954 9
e 122 957 6
e 122 968 6
e 123 162 3
e 123 188 2
e 123 295 2
e 123 531 1
e 123 546 7
e 123 606 1
e 123 658 2
e 123 682 6
e 123 717 4
e 123 734 9
e 123 830 4
e 123 844 9
e 123 941 5
e 123 944 4
e 123 946 6
e 123 996 1
e 124 189 2
e 124 211 1
e 124 288 4
e 124 316 8
e 124 322 8
e 124 390 7
e 124 462 7
e 124 530 2
e 124 560 4
e 124 669 9
e 124 839 6
e 124 986 5
e 125 196 3
e 125 243 4
e 125 452 8
e 125 516 9
e 125 762 8
e 125 764 1
e 125 827 10
e 125 852 7
e 125 857 5
e 125 888 4
e 125 945 7
e 126 282 2
e 126 334 10
e 126 475 6
e 126 620 7
e 126 658 9
e 126 687 10
e 126 688 6
e 126 718 1
e 126 760 3
e 126 846 8
e 126 935 10
e 126 959 4
e 126 975 2
e 127 189 8
e 127 343 8
e 127 352 8
e 127 372 4
e 127 551 7
e 127 633 5
e 127 680 5
e 127 884 8
e 128 210 8
e 128 503 6
e 128 580 10
e 128 755 7
e 128 908 8
e 128 927 6
e 128 954 10
e 129 161 5
e 129 199 3
e 129 209 2
e 129 357 3
e 129 428 1
e 129 463 3
e 129 479 6
e 129 495 7
e 129 579 6
e 129 716 2
e 129 870 1
e 129 929 3
e 129 946 7
e 129 974 3
e 130 331 7
e 130 431 6
e 130 482 1
e 130 529 9
e 130 600 2
e 130 644 4
e 130 711 4
e 130 740 10
e 130 857 3
e 131 191 8
e 131 204 5
e 131 259 10
e 131 398 10
e 131 502 10
e 131 513 1
e 131 539 5
e 131 714 9
e 131 755 8
e 131 765 8
e 131 776 4
e 131 792 9
e 131 817 3
e 131 818 5
e 131 824 9
e 132 236 6
e 132 300 4
e 132 311 4
e 132 348 6
e 132 370 5
e 132 444 1
e 132 579 5
e 132 871 1
e 132 939 5
e 133 176 2
e 133 223 8
e 133 231 4
e 133 293 1
e 133 494 9
e 133 542 5
e 133 642 1
e 133 704 1
e 133 751 5
e 133 761 1
e 133 791 5
e 133 842 1
e 133 925 8
e 133 976 6
e 134 230 8
e 134 352 1
e 134 364 2
e 134 376 8
e 134 410 5
e 134 447 8
e 134 529 6
e 134 557 3
e 134 587 9
e 134 623 6
e 134 727 2
e 134 849 7
e 134 870 3
e 134 999 10
e 135 149 8
e 135 221 3
e 135 259 9
e 135 530 4
e 135 556 8
e 135 711 6
e 135 731 4
e 135 788 2
e 135 804 8
e 135 807 1
e 136 556 10
e 136 618 2
e 136 639 10
e 136 649 8
e 136 692 2
e 136 703 6
e 136 707 7
e 136 735 10
e 136 816 3
e 136 858 1
e 136 993 3
e 137 141 10
e 137 274 10
e 137 467 5
e 137 493 10
e 137 628 6
e 137 647 6
e 137 660 6
e 137 701 4
e 137 714 9
e 137 733 10
e 137 823 10
e 137 850 5
e 138 366 1
e 138 442 2
e 138 631 6
e 138 664 10
e 138 683 2
e 138 791 10
e 138 885 1
e 138 929 1
e 138 977 7
e 139 176 7
e 139 212 7
e 139 258 1
e 139 341 2
e 139 403 5
e 139 413 4
e 139 418 8
e 139 501 9
e 139 539 3
e 139 597 8
e 139 818 10
e 139 938 7
e 140 156 4
e 140 158 3
e 140 384 2
e 140 452 3
e 140 475 9
e 140 548 1
e 140 571 6
e 140 661 2
e 140 682 7
e 140 692 9
e 140 713 9
e 140 734 3
e 140 805 3
e 140 864 3
e 140 920 6
e 141 197 6
e 141 422 2
e 141 425 2
e 141 433 7
e 141 576 5
e 141 841 3
e 142 177 5
e 142 188 10
e 142 240 6
e 142 262 10
e 142 305 1
e 142 354 2
e 142 372 5
e 142 433 6
e 142 622 8
e 142 722 3
e 142 734 10
e 142 806 1
e 142 972 9
e 143 166 1
e 143 281 10
e 143 315 9
e 143 481 7
e 143 609 1
e 143 666 3
e 143 681 8
e 143 844 1
e 143 921 5
e 143 970 5
e 144 210 6
e 144 247 8
e 144 276 5
e 144 334 5
e 144 476 9
e 144 663 3
e 144 775 5
e 144 834 4
e 144 901 1
e 145 275 6
e 145 539 9
e 145 568 9
e 145 599 6
e 145 668 6
e 145 776 7
e 145 958 10
e 146 299 5
e 146 345 2
e 146 488 7
e 146 595 1
e 146 618 8
e 146 622 3
e 146 696 1
e 146 723 3
e 146 735 6
e 146 749 1
e 146 940 1
e 146 979 10
e 146 984 9
e 146 999 6
e 147 205 8
e 147 329 4
e 147 363 7
e 147 402 3
e 147 405 3
e 147 427 1
e 147 498 10
e 147 565 8
e 147 709 1
e 147 741 3
e 147 854 8
e 147 890 10
e 147 924 10
e 147 941 8
e 147 964 6
e 147 968 10
e 148 227 7
e 148 291 9
e 148 335 6
e 148 348 3
e 148 870 1
e 148 912 9
e 149 173 4
e 149 179 5
e 149 213 9
e 149 230 7
e 149 288 9
e 149 291 3
e 149 305 5
e 149 402 5
e 149 425 3
e 149 503 6
e 149 539 2
e 149 545 9
e 149 591 10
e 149 596 6
e 149 627 3
e 149 695 8
e 149 748 6
e 149 764 4
e 149 791 7
e 149 805 8
e 149 813 1
e 149 857 8
e 150 230 1
e 150 240 5
e 150 399 3
e 150 483 4
e 150 570 9
e 150 767 7
e 150 797 6
e 150 818 6
e 151 241 8
e 151 294 10
e 151 334 7
e 151 453 1
e 151 530 8
e 151 534 8
e 151 538 5
e 151 581 3
e 151 791 10
e 151 824 4
e 151 842 8
e 151 875 1
e 151 912 2
e 151 934 9
e 151 968 2
e 152 162 6
e 152 176 6
e 152 376 10
e 152 544 6
e 152 580 6
e 152 682 10
e 152 757 7
e 152 809 1
e 152 828 2
e 152 987 5
e 153 205 6
e 153 268 10
e 153 420 6
e 153 422 8
e 153 597 4
e 153 606 3
e 153 637 8
e 153 648 8
e 153 659 2
e 153 785 10
e 153 897 10
e 153 904 2
e 154 157 1
e 154 220 5
e 154 251 1
e 154 408 9
e 154 525 7
e 154 602 6
e 154 622 8
e 154 642 5
e 154 647 6
e 154 726 4
e 154 772 3
e 154 827 10
e 154 870 10
e 154 890 1
e 154 932 7
e 154 933 3
e 155 188 7
e 155 193 2
e 155 407 10
e 155 548 7
e 155 608 8
e 155 707 2
e 155 802 1
e 155 864 7
e 155 958 9
e 155 987 2
e 156 168 7
e 156 237 6
e 156 321 6
e 156 377 5
e 156 420 2
e 156 491 1
e 156 873 5
e 156 892 6
e 156 920 9
e 156 929 6
e 156 945 2
e 156 975 10
e 157 176 5
e 157 197 9
e 157 231 3
e 157 348 5
e 157 416 4
e 157 553 9
e 157 654 4
e 157 685 8
e 157 780 7
e 157 784 9
e 157 864 4
e 158 334 7
e 158 470 5
e 158 492 1
e 158 589 2
e 158 595 6
e 158 626 10
e 158 785 4
e 159 199 5
e 159 243 6
e 159 351 8
e 159 450 1
e 159 560 8
e 159 667 4
e 159 708 2
e 159 919 3
e 159 921 7
e 159 959 8
e 159 969 2
e 159 981 9
e 160 361 10
e 160 490 5
e 160 498 9
e 160 505 6
e 160 632 7
e 160 833 10
e 161 172 8
e 161 188 7
e 161 203 3
e 161 208 5
e 161 244 4
e 161 254 1
e 161 348 3
e 161 655 7
e 161 719 8
e 161 809 1
e 161 924 8
e 161 938 2
e 161 946 5
e 161 984 8
e 162 987 10
e 163 275 6
e 163 286 3
e 163 343 10
e 163 402 3
e 163 568 9
e 163 694 9
e 163 815 5
e 163 913 1
e 164 378 8
e 164 427 7
e 164 439 10
e 164 515 9
e 164 529 4
e 164 555 9
e 164 610 8
e 164 683 2
e 164 846 8
e 164 929 10
e 164 979 5
e 164 988 10
e 164 996 1
e 165 243 9
e 165 333 3
e 165 397 5
e 165 723 9
e 165 750 6
e 165 833 7
e 165 881 9
e 165 914 1
e 165 926 10
e 165 947 6
e 166 208 7
e 166 322 7
e 166 362 7
e 166 387 8
e 166 429 1
e 166 531 4
e 166 610 10
e 166 622 7
e 166 679 4
e 166 711 3
e 166 764 6
e 166 824 7
e 167 243 1
e 167 349 1
e 167 382 3
e 167 386 1
e 167 418 8
e 167 419 8
e 167 571 7
e 167 605 7
e 167 640 6
e 167 677 7
e 167 817 1
e 167 851 8
e 167 906 4
e 167 929 2
e 168 175 1
e 168 217 5
e 168 356 4
e 168 480 2
e 168 529 9
e 168 582 7
e 168 832 7
e 168 907 3
e 169 256 6
e 169 369 8
e 169 576 10
e 169 641 8
e 169 774 3
e 169 796 10
e 169 804 2
e 169 892 3
e 170 364 3
e 170 438 6
e 170 489 1
e 170 516 8
e 170 664 3
e 170 696 10
e 170 873 8
e 170 897 4
e 170 953 6
e 170 973 4
e 170 996 6
e 171 423 8
e 171 514 5
e 171 681 2
e 171 731 10
e 171 824 10
e 172 345 4
e 172 360 1
e 172 472 9
e 172 495 8
e 172 560 9
e 172 619 10
e 172 712 8
e 172 813 9
e 172 819 10
e 172 940 8
e 173 192 8
e 173 224 10
e 173 279 8
e 173 294 1
e 173 321 4
e 173 347 8
e 173 453 1
e 173 784 6
e 173 827 9
e 173 881 8
e 173 890 7
e 174 278 2
e 174 288 2
e 174 352 7
e 174 377 3
e 174 431 10
e 174 483 6
e 174 572 10
e 174 594 3
e 174 610 7
e 174 670 3
e 174 718 6
e 174 813 3
e 174 843 6
e 174 884 6
e 174 924 2
e 174 974 5
e 175 232 8
e 175 285 2
e 175 395 7
e 175 403 6
e 175 431 9
e 175 449 3
e 175 503 1
e 175 517 2
e 175 532 3
e 175 719 3
e 175 760 5
e 175 822 7
e 175 829 5
e 175 831 10
e 175 903 6
e 176 253 3
e 176 339 1
e 176 392 1
e 176 452 5
e 176 498 7
e 176 524 7
e 176 550 4
e 176 588 2
e 176 643 5
e 176 660 10
e 176 713 8
e 177 343 6
e 177 375 9
e 177 411 8
e 177 442 6
e 177 461 8
e 177 492 2
e 177 559 2
e 177 679 2
e 177 947 8
e 177 975 10
e 178 214 8
e 178 279 2
e 178 405 7
e 178 442 10
e 178 587 9
e 178 620 1
e 178 831 4
e 178 913 9
e 179 201 6
e 179 301 5
e 179 586 8
e 179 679 8
e 179 717 4
e 179 781 9
e 179 983 1
e 180 249 3
e 180 260 8
e 180 352 7
e 180 375 7
e 180 523 10
e 180 592 4
e 180 631 7
e 180 657 5
e 180 668 3
e 180 840 8
e 180 853 1
e 180 960 10
e 181 238 4
e 181 316 5
e 181 320 8
e 181 481 6
e 181 518 3
e 181 607 6
e 181 753 7
e 181 775 4
e 181 952 1
e 181 984 4
e 182 306 3
e 182 355 1
e 182 569 1
e 182 581 4
e 182 615 2
e 182 645 8
e 182 665 2
e 182 678 3
e 182 752 6
e 182 837 4
e 182 907 3
e 182 914 3
e 183 188 1
e 183 221 4
e 183 299 9
e 183 467 1
e 183 498 5
e 183 575 7
e 183 634 7
e 183 659 8
e 183 853 4
e 183 979 6
e 184 206 5
e 184 293 6
e 184 327 4
e 184 502 6
e 184 593 3
e 184 711 8
e 184 718 1
e 185 188 2
e 185 285 6
e 185 410 4
e 185 449 5
e 185 466 3
e 185 610 9
e 185 738 3
e 185 859 2
e 185 883 8
e 185 890 7
e 185 920 8
e 186 201 4
e 186 218 4
e 186 228 4
e 186 230 9
e 186 239 5
e 186 337 7
e 186 360 5
e 186 412 7
e 186 477 2
e 186 527 4
e 186 669 8
e 186 717 2
e 186 870 5
e 187 242 6
e 187 312 3
e 187 371 1
e 187 426 7
e 187 441 4
e 187 545 3
e 187 584 2
e 187 693 6
e 187 822 6
e 187 839 4
e 187 904 2
e 187 958 7
e 187 989 5
e 188 372 5
e 188 637 8
e 189 325 3
e 189 326 7
e 189 354 10
e 189 428 3
e 189 545 1
e 189 585 5
e 189 620 3
e 189 654 5
e 189 727 9
e 189 756 3
e 190 328 1
e 190 441 9
e 190 468 4
e 190 477 4
e 190 517 4
e 190 553 6
e 190 564 8
e 190 633 9
e 190 697 2
e 190 731 7
e 190 749 1
e 190 762 7
e 190 801 4
e 190 802 9
e 191 217 1
e 191 261 7
e 191 351 2
e 191 455 4
e 191 522 4
e 191 548 7
e 191 676 8
e 191 804 1
e 191 899 6
e 191 947 10
e 192 315 9
e 192 419 6
e 192 430 7
e 192 500 7
e 192 557 4
e 192 563 10
e 192 600 4
e 192 615 6
e 192 721 9
e 192 738 7
e 192 865 8
e 192 950 6
e 193 206 1
e 193 309 2
e 193 351 8
e 193 369 10
e 193 375 2
e 193 596 6
e 193 713 5
e 193 871 9
e 193 932 8
e 194 231 3
e 194 284 4
e 194 296 1
e 194 305 6
e 194 327 10
e 194 358 5
e 194 361 4
e 194 367 10
e 194 387 8
e 194 500 3
e 194 576 2
e 194 712 4
e 194 768 2
e 194 794 2
e 194 822 4
e 194 824 9
e 194 840 8
e 194 904 9
e 194 907 8
e 194 967 5
e 194 977 3
e 195 261 9
e 195 265 10
e 195 287 4
e 195 341 1
e 195 391 2
e 195 411 4
e 195 437 5
e 195 452 1
e 195 496 5
e 195 626 3
e 195 650 7
e 195 660 6
e 195 688 10
e 195 728 10
e 195 743 6
e 195 816 8
e 195 895 5
e 195 915 10
e 196 219 8
e 196 525 10
e 196 566 10
e 196 588 2
e 196 660 9
e 196 714 6
e 196 787 6
e 196 867 2
e 196 890 1
e 196 917 6
e 196 963 2
e 197 247 1
e 197 298 10
e 197 332 8
e 197 417 5
e 197 420 6
e 197 601 10
e 197 710 7
e 197 774 5
e 197 805 7
e 197 817 7
e 197 844 6
e 197 854 2
e 197 908 7
e 197 910 7
e 197 946 5
e 198 317 9
e 198 452 3
e 198 488 1
e 198 569 2
e 198 612 3
e 198 779 7
e 198 786 7
e 199 250 9
e 199 314 3
e 199 393 8
e 199 521 4
e 199 588 7
e 199 639 3
e 199 711 8
e 199 766 6
e 199 806 7
e 199 811 3
e 199 844 4
e 199 918 8
e 200 298 10
e 200 399 9
e 200 523 3
e 200 608 6
e 200 619 3
e 200 651 9
e 200 661 10
e 200 726 4
e 200 794 1
e 200 808 1
e 200 837 10
e 200 874 3
e 200 972 7
e 201 275 10
e 201 304 4
e 201 319 1
e 201 354 4
e 201 396 7
e 201 428 6
e 201 446 8
e 201 493 2
e 201 622 2
e 201 624 4
e 201 651 4
e 201 748 2
e 201 898 6
e 201 907 7
e 202 519 7
e 202 617 7
e 202 618 6
e 202 630 6
e 202 649 5
e 202 684 2
e 202 763 6
e 202 900 2
e 203 228 9
e 203 229 4
e 203 236 6
e 203 311 4
e 203 324 3
e 203 360 6
e 203 401 10
e 203 449 7
e 203 614 8
e 203 618 2
e 203 658 3
e 203 677 4
e 203 735 6
e 203 828 7
e 203 914 10
e 203 918 9
e 204 221 7
e 204 284 10
e 204 557 7
e 204 602 5
e 204 665 5
e 204 673 8
e 204 698 9
e 204 760 6
e 204 870 9
e 204 998 1
e 205 241 5
e 205 298 1
e 205 304 2
e 205 320 9
e 205 357 4
e 205 401 10
e 205 616 8
e 205 654 5
e 205 981 10
e 205 983 8
e 206 246 9
e 206 249 4
e 206 350 5
e 206 423 1
e 206 431 1
e 206 460 1
e 206 504 4
e 206 556 9
e 206 563 1
e 206 617 2
e 206 670 4
e 206 749 4
e 206 769 3
e 206 776 5
e 206 783 10
e 206 867 3
e 206 905 6
e 207 305 6
e 207 347 6
e 207 563 7
e 207 617 10
e 207 691 2
e 207 723 5
e 207 786 9
e 207 947 5
e 208 214 5
e 208 300 5
e 208 356 1
e 208 388 9
e 208 454 8
e 208 469 4
e 208 476 3
e 208 486 9
e 208 501 7
e 208 713 9
e 208 802 3
e 208 919 8
e 208 923 4
e 208 950 3
e 209 236 7
e 209 275 1
e 209 339 6
e 209 472 3
e 209 509 3
e 209 513 6
e 209 557 10
e 209 665 4
e 209 756 1
e 209 819 7
e 209 867 5
e 209 907 2
e 210 376 8
e 210 395 4
e 210 405 5
e 210 458 4
e 210 621 4
e 210 736 2
e 211 329 2
e 211 589 2
e 211 602 10
e 211 710 1
e 211 721 9
e 211 775 4
e 211 791 5
e 211 828 8
e 212 214 9
e 212 258 8
e 212 292 10
e 212 317 9
e 212 328 8
e 212 403 1
e 212 410 10
e 212 471 5
e 212 546 1
e 212 621 6
e 212 635 9
e 212 658 6
e 212 728 10
e 212 826 5
e 212 849 1
e 213 297 6
e 213 392 7
e 213 425 2
e 213 586 4
e 213 779 8
e 213 799 6
e 213 838 10
e 213 855 5
e 213 922 8
e 214 248 6
e 214 472 10
e 214 518 3
e 214 526 5
e 214 681 5
e 214 818 9
e 214 974 2
e 215 252 6
e 215 366 8
e 215 387 7
e 215 438 4
e 215 519 4
e 215 609 4
e 215 611 7
e 215 620 9
e 215 633 5
e 215 635 3
e 215 729 10
e 215 942 10
e 215 970 9
e 215 987 7
e 216 316 3
e 216 416 2
e 216 559 2
e 216 579 4
e 216 659 8
e 216 763 1
e 216 793 7
e 216 796 9
e 216 834 4
e 216 995 8
e 217 352 8
e 217 462 6
e 217 543 10
e 217 566 8
e 217 627 6
e 217 630 5
e 217 675 10
e 217 684 3
e 217 687 10
e 217 841 2
e 217 902 10
e 217 915 6
e 217 923 5
e 217 932 7
e 218 451 7
e 218 483 4
e 218 546 2
e 218 697 9
e 218 700 2
e 218 766 10
e 218 917 5
e 218 986 1
e 219 235 2
e 219 383 1
e 219 502 5
e 219 615 8
e 219 821 7
e 219 831 4
e 219 879 8
e 220 433 2
e 220 440 6
e 220 565 1
e 220 672 2
e 220 746 3
e 220 757 3
e 220 782 10
e 220 851 3
e 220 931 3
e 221 289 6
e 221 323 7
e 221 345 7
e 221 515 6
e 221 611 6
e 221 828 9
e 221 836 9
e 222 243 10
e 222 303 3
e 222 388 10
e 222 454 8
e 222 469 4
e 222 568 1
e 222 617 9
e 222 634 1
e 222 688 5
e 222 690 3
e 222 702 8
e 222 725 5
e 222 749 4
e 222 760 8
e 223 265 5
e 223 310 7
e 223 346 6
e 223 350 10
e 223 359 1
e 223 434 9
e 223 436 4
e 223 492 4
e 223 506 1
e 223 544 5
e 223 573 8
e 223 907 6
e 223 942 5
e 223 993 9
e 223 996 8
e 224 244 8
e 224 261 1
e 224 367 1
e 224 378 9
e 224 405 7
e 224 439 9
e 224 631 2
e 224 633 6
e 224 679 6
e 224 998 10
e 225 245 3
e 225 263 8
e 225 338 8
e 225 413 5
e 225 473 5
e 225 475 6
e 225 592 10
e 225 824 2
e 225 829 7
e 225 839 4
e 225 887 10
e 225 896 7
e 225 922 1
e 225 982 9
e 226 344 2
e 226 382 8
e 226 484 6
e 226 533 5
e 226 626 9
e 226 822 1
e 226 936 3
e 226 947 3
e 226 961 2
e 227 244 5
e 227 249 1
e 227 370 1
e 227 381 9
e 227 426 1
e 227 475 2
e 227 509 1
e 227 531 1
e 227 699 1
e 227 802 1
e 227 928 5
e 227 952 10
e 228 245 1
e 228 317 8
e 228 634 10
e 228 845 4
e 228 928 10
e 228 951 5
e 229 232 4
e 229 628 3
e 229 655 7
e 229 678 8
e 229 687 5
e 229 771 1
e 229 795 1
e 229 826 5
e 229 841 3
e 230 305 4
e 230 313 6
e 230 318 2
e 230 346 9
e 230 367 4
e 230 463 10
e 230 476 6
e 230 515 8
e 230 556 2
e 230 577 3
e 230 636 8
e 230 674 2
e 230 698 10
e 230 738 6
e 230 742 6
e 230 985 8
e 231 259 9
e 231 292 8
e 231 298 6
e 231 333 6
e 231 455 1
e 231 527 2
e 231 579 3
e 231 712 7
e 231 724 6
e 231 836 8
e 231 841 1
e 231 908 5
e 231 957 5
e 232 264 6
e 232 276 1
e 232 381 10
e 232 387 5
e 232 491 7
e 232 552 8
e 232 578 5
e 232 664 4
e 232 795 9
e 232 849 4
e 232 873 4
e 232 941 9
e 232 977 4
e 233 274 4
e 233 355 8
e 233 491 6
e 233 510 6
e 233 606 5
e 233 629 8
e 233 706 5
e 233 796 9
e 233 824 7
e 233 829 7
e 233 859 7
e 233 922 7
e 233 980 9
e 233 982 8
e 233 998 7
e 234 251 9
e 234 391 1
e 234 448 9
e 234 665 3
e 234 716 4
e 234 828 2
e 234 884 4
e 235 352 3
e 235 451 8
e 235 618 5
e 235 635 5
e 235 780 5
e 235 848 7
e 235 958 9
e 235 967 1
e 236 298 7
e 236 359 1
e 236 378 3
e 236 500 6
e 236 555 6
e 236 572 10
e 236 650 10
e 236 719 7
e 236 728 1
e 236 914 10
e 236 975 1
e 237 261 8
e 237 267 7
e 237 284 7
e 237 354 3
e 237 457 2
e 237 552 8
e 237 646 6
e 237 797 1
e 237 844 2
e 237 961 10
e 237 973 4
e 238 525 8
e 238 565 10
e 238 572 2
e 238 601 10
e 238 932 5
e 238 934 2
e 239 358 1
e 239 443 7
e 239 525 3
e 239 529 2
e 239 601 2
e 239 765 3
e 239 878 4
e 239 884 6
e 239 903 8
e 239 965 1
e 239 987 9
e 240 243 8
e 240 260 10
e 240 317 8
e 240 383 7
e 240 438 5
e 240 590 1
e 240 628 4
e 240 666 3
e 240 671 2
e 240 769 10
e 240 803 5
e 240 940 5
e 240 962 9
e 240 994 3
e 241 260 2
e 241 268 3
e 241 450 6
e 241 530 9
e 241 583 3
e 241 628 7
e 241 782 8
e 241 891 8
e 241 941 6
e 242 487 3
e 242 573 2
e 242 617 3
e 242 642 5
e 242 682 6
e 242 792 7
e 243 390 5
e 243 468 7
e 243 547 10
e 243 556 10
e 243 611 1
e 243 627 10
e 243 695 4
e 243 710 3
e 243 758 2
e 243 796 10
e 243 807 9
e 243 831 1
e 243 840 1
e 243 870 9
e 243 894 8
e 243 918 3
e 243 954 5
e 243 984 7
e 243 998 10
e 244 303 5
e 244 355 5
e 244 392 2
e 244 414 6
e 244 457 4
e 244 486 6
e 244 525 6
e 244 947 2
e 244 955 7
e 244 971 2
e 245 427 9
e 245 437 4
e 245 493 10
e 245 528 6
e 245 655 7
e 245 686 8
e 245 690 7
e 245 744 3
e 246 310 9
e 246 313 4
e 246 322 1
e 246 328 9
e 246 386 1
e 246 560 10
e 246 575 1
e 246 590 5
e 246 838 1
e 246 867 6
e 246 880 2
e 247 264 6
e 247 338 9
e 247 584 7
e 247 599 9
e 247 669 5
e 247 702 6
e 247 715 8
e 247 735 3
e 247 779 4
e 247 790 2
e 247 845 3
e 247 846 8
e 247 968 4
e 248 259 3
e 248 281 7
e 248 464 10
e 248 477 10
e 248 603 3
e 248 711 7
e 248 722 2
e 248 764 1
e 248 768 8
e 248 794 5
e 248 839 4
e 248 862 9
e 248 998 5
e 249 268 7
e 249 274 4
e 249 282 5
e 249 299 3
e 249 306 7
e 249 391 2
e 249 446 4
e 249 507 1
e 249 539 10
e 249 544 5
e 249 588 9
e 249 657 8
e 249 676 10
e 249 738 5
e 249 765 7
e 249 867 10
e 249 956 10
e 249 994 7
e 250 351 7
e 250 425 5
e 250 636 1
e 250 671 5
e 250 703 9
e 251 281 6
e 251 322 10
e 251 379 4
e 251 426 6
e 251 468 1
e 251 473 10
e 251 475 1
e 251 664 10
e 251 750 5
e 251 775 5
e 251 843 9
e 251 867 8
e 251 890 9
e 251 899 1
e 251 920 10
e 251 964 5
e 252 267 8
e 252 407 1
e 252 412 10
e 252 429 3
e 252 528 2
e 252 533 7
e 252 598 8
e 252 664 9
e 252 675 8
e 252 714 2
e 252 715 2
e 252 777 8
e 252 782 1
e 252 824 3
e 252 912 9
e 253 329 10
e 253 331 1
e 253 436 5
e 253 495 2
e 253 554 7
e 253 626 1
e 253 700 3
e 253 755 6
e 253 843 6
e 253 924 5
e 253 937 3
e 254 330 2
e 254 401 10
e 254 528 1
e 254 626 8
e 254 682 9
e 254 819 5
e 254 977 4
e 254 979 9
e 255 548 2
e 255 603 3
e 255 637 10
e 255 671 5
e 255 753 6
e 255 908 10
e 255 913 3
e 256 449 7
e 256 453 1
e 256 547 3
e 256 606 4
e 256 715 4
e 256 749 2
e 256 755 1
e 256 902 3
e 256 910 7
e 256 912 6
e 256 952 2
e 256 996 3
e 257 293 9
e 257 340 9
e 257 355 10
e 257 383 5
e 257 430 8
e 257 508 7
e 257 514 7
e 257 517 10
e 257 572 9
e 257 618 8
e 257 689 1
e 257 817 10
e 257 946 7
e 258 376 9
e 258 576 1
e 258 597 8
e 258 824 2
e 258 889 2
e 258 912 10
e 259 379 9
e 259 400 9
e 259 570 1
e 259 651 6
e 259 960 3
e 259 993 3
e 260 381 1
e 260 399 7
e 260 409 1
e 260 484 6
e 260 597 4
e 260 921 6
e 260 957 3
e 261 415 9
e 261 431 9
e 261 496 6
e 261 512 3
e 261 735 9
e 261 739 3
e 261 747 8
e 261 931 3
e 262 283 9
e 262 373 3
e 262 597 6
e 262 817 4
e 262 877 5
e 262 989 10
e 263 464 9
e 263 880 6
e 263 891 9
e 263 909 8
e 263 981 10
e 264 300 9
e 264 421 1
e 264 500 9
e 264 638 3
e 264 765 9
e 264 792 4
e 264 863 7
e 265 416 5
e 265 419 10
e 265 434 6
e 265 458 4
e 265 607 4
e 265 689 3
e 265 693 2
e 265 830 8
e 265 845 4
e 265 886 4
e 265 926 1
e 265 927 1
e 265 948 8
e 266 351 9
e 266 479 4
e 266 501 9
e 266 524 7
e 266 599 2
e 266 612 4
e 266 627 2
e 266 663 10
e 266 671 7
e 266 691 3
e 266 746 8
e 266 787 9
e 266 822 2
e 266 849 4
e 266 888 1
e 266 920 1
e 267 392 1
e 267 397 4
e 267 431 10
e 267 465 1
e 267 490 6
e 267 517 2
e 267 587 8
e 267 602 7
e 267 727 4
e 267 743 8
e 267 785 3
e 267 823 9
e 267 877 9
e 267 898 7
e 268 383 3
e 268 398 9
e 268 403 5
e 268 430 1
e 268 436 5
e 268 538 9
e 268 577 2
e 268 602 3
e 268 785 2
e 268 816 7
e 268 824 9
e 268 892 4
e 268 939 2
e 268 979 8
e 269 296 7
e 269 308 7
e 269 397 3
e 269 514 7
e 269 700 6
e 269 714 10
e 269 733 4
e 269 791 5
e 270 310 2
e 270 395 8
e 270 493 6
e 270 512 8
e 270 604 5
e 270 608 8
e 270 622 7
e 270 873 2
e 270 919 6
e 271 294 6
e 271 304 1
e 271 371 5
e 271 390 5
e 271 392 2
e 271 538 1
e 271 584 8
e 271 587 5
e 271 647 8
e 271 818 1
e 271 976 1
e 272 345 8
e 272 364 10
e 272 395 10
e 272 423 7
e 272 458 7
e 272 504 9
e 272 537 4
e 272 558 10
e 272 623 6
e 272 804 1
e 272 849 8
e 272 942 10
e 273 337 8
e 273 338 1
e 273 363 2
e 273 373 6
e 273 656 10
e 273 665 3
e 273 706 5
e 273 783 6
e 273 797 2
e 273 896 4
e 273 954 6
e 273 964 4
e 274 330 2
e 274 348 10
e 274 589 6
e 274 635 3
e 274 675 7
e 274 680 6
e 274 888 5
e 275 331 10
e 275 437 1
e 275 479 2
e 275 525 1
e 275 707 10
e 275 745 2
e 275 905 10
e 275 946 10
e 275 982 5
e 275 987 8
e 276 280 2
e 276 335 6
e 276 357 8
e 276 437 9
e 276 466 4
e 276 483 3
e 276 743 10
e 276 762 10
e 276 778 7
e 276 893 1
e 277 428 4
e 277 437 3
e 277 470 7
e 277 505 5
e 277 753 1
e 277 835 5
e 277 931 8
e 278 313 10
e 278 335 2
e 278 376 7
e 278 381 7
e 278 464 9
e 278 527 5
e 278 551 7
e 278 626 9
e 278 665 7
e 278 821 10
e 278 965 9
e 279 313 5
e 279 531 1
e 279 634 1
e 280 356 6
e 280 369 3
e 280 405 3
e 280 429 6
e 280 447 1
e 280 457 4
e 280 478 6
e 280 757 7
e 280 761 7
e 280 795 8
e 280 805 1
e 280 967 2
e 280 984 4
e 281 474 8
e 281 558 7
e 281 594 2
e 281 615 2
e 281 699 1
e 281 741 9
e 281 755 1
e 281 892 1
e 281 976 2
e 282 318 9
e 282 377 10
e 282 430 2
e 282 480 9
e 282 587 8
e 282 598 8
e 282 619 5
e 282 637 8
e 282 795 5
e 283 374 3
e 283 396 10
e 283 664 4
e 283 918 9
e 283 933 6
e 283 983 1
e 284 296 6
e 284 458 4
e 284 481 5
e 284 496 9
e 284 601 7
e 284 625 1
e 284 637 2
e 284 696 6
e 284 734 4
e 284 819 3
e 284 857 7
e 284 884 2
e 284 982 4
e 285 382 1
e 285 425 3
e 285 557 3
e 285 585 8
e 285 616 6
e 285 861 4
e 285 877 9
e 285 941 6
e 286 344 10
e 286 367 1
e 286 470 1
e 286 481 9
e 286 656 5
e 286 832 10
e 286 915 9
e 286 955 10
e 286 984 5
e 287 407 5
e 287 411 9
e 287 470 9
e 287 505 5
e 287 512 4
e 287 522 9
e 287 567 7
e 287 827 9
e 287 936 5
e 287 964 4
e 288 296 4
e 288 373 7
e 288 383 10
e 288 529 8
e 288 634 7
e 288 651 3
e 288 670 4
e 288 719 5
e 288 779 4
e 288 946 8
e 288 949 3
e 288 981 10
e 289 330 7
e 289 351 6
e 289 388 7
e 289 399 2
e 289 428 9
e 289 449 2
e 289 451 1
e 289 462 8
e 289 567 6
e 289 766 7
e 290 299 9
e 290 328 1
e 290 380 6
e 290 418 8
e 290 455 2
e 290 589 5
e 290 669 5
e 290 676 7
e 290 684 9
e 290 747 4
e 290 886 2
e 291 301 9
e 291 314 6
e 291 386 7
e 291 498 1
e 291 636 8
e 291 676 5
e 291 730 9
e 291 907 7
e 291 922 4
e 291 962 1
e 292 297 5
e 292 403 4
e 292 458 1
e 292 564 1
e 292 685 9
e 292 840 8
e 292 848 6
e 293 339 4
e 293 365 9
e 293 368 9
e 293 476 3
e 293 523 10
e 293 639 10
e 293 793 6
e 293 926 2
e 294 311 4
e 294 587 3
e 294 591 8
e 294 612 8
e 294 658 8
e 294 754 8
e 294 760 1
e 294 858 3
e 294 921 4
e 294 983 8
e 295 320 1
e 295 323 10
e 295 444 4
e 295 522 6
e 295 565 7
e 295 574 4
e 295 675 6
e 295 681 9
e 295 733 5
e 295 748 3
e 295 821 10
e 295 866 4
e 295 908 2
e 296 471 1
e 296 556 9
e 296 557 5
e 296 641 1
e 296 688 1
e 296 730 8
e 296 744 2
e 296 758 5
e 296 833 10
e 296 859 3
e 296 915 5
e 297 327 8
e 297 345 9
e 297 377 3
e 297 445 3
e 297 494 1
e 297 500 5
e 297 618 5
e 297 708 4
e 297 750 8
e 297 873 4
e 297 894 1
e 297 959 8
e 298 366 6
e 298 391 7
e 298 599 10
e 298 613 8
e 298 625 10
e 298 686 7
e 298 689 4
e 298 824 5
e 298 931 5
e 298 935 2
e 299 348 7
e 299 363 9
e 299 413 8
e 299 581 5
e 299 765 1
e 299 799 10
e 299 900 1
e 299 911 3
e 300 317 7
e 300 393 7
e 300 482 6
e 300 520 5
e 300 554 2
e 300 576 7
e 300 598 2
e 300 696 4
e 300 792 7
e 300 830 4
e 300 896 2
e 300 899 5
e 301 454 4
e 301 509 7
e 301 558 2
e 301 567 2
e 301 920 1
e 301 922 1
e 301 978 3
e 302 303 5
e 302 397 10
e 302 442 8
e 302 586 8
e 302 652 4
e 302 672 4
e 302 683 6
e 302 691 6
e 302 700 6
e 302 711 2
e 302 751 2
e 302 784 1
e 302 827 8
e 302 888 7
e 302 907 7
e 302 978 1
e 303 308 3
e 303 327 4
e 303 457 1
e 303 458 10
e 303 470 3
e 303 490 1
e 303 623 7
e 303 666 5
e 303 677 8
e 303 773 5
e 303 858 6
e 303 931 10
e 303 937 1
e 303 968 7
e 304 443 8
e 304 461 8
e 304 498 7
e 304 738 7
e 304 761 4
e 304 853 7
e 304 856 9
e 304 969 2
e 305 347 5
e 305 464 3
e 305 516 5
e 305 745 5
e 305 813 6
e 305 854 10
e 305 906 4
e 305 937 9
e 305 938 9
e 305 999 1
e 306 624 5
e 306 661 3
e 306 687 6
e 306 750 7
e 306 895 7
e 306 985 1
e 306 998 7
e 307 374 9
e 307 396 6
e 307 467 7
e 307 618 3
e 307 634 2
e 307 861 2
e 307 877 8
e 308 339 3
e 308 358 6
e 308 495 10
e 308 501 2
e 308 534 7
e 308 754 4
e 308 804 3
e 308 869 3
e 308 901 5
e 308 985 8
e 309 535 5
e 309 745 8
e 309 769 9
e 309 856 3
e 309 920 8
e 309 934 3
e 309 947 9
e 310 401 8
e 310 523 10
e 310 651 1
e 310 665 9
e 310 734 4
e 310 810 5
e 310 815 1
e 310 870 1
e 311 336 6
e 311 357 4
e 311 363 3
e 311 590 6
e 311 733 7
e 311 738 10
e 311 754 4
e 311 811 3
e 311 821 7
e 311 869 7
e 311 943 6
e 311 970 6
e 312 317 3
e 312 617 8
e 312 815 6
e 312 866 10
e 312 942 7
e 313 352 7
e 313 615 7
e 313 697 6
e 313 830 7
e 313 833 4
e 313 861 1
e 313 870 9
e 313 929 5
e 313 989 3
e 314 335 3
e 314 387 7
e 314 720 8
e 314 821 2
e 314 980 10
e 315 568 3
e 315 619 5
e 315 621 8
e 315 673 9
e 315 686 8
e 315 785 1
e 315 813 2
e 315 917 6
e 315 971 9
e 315 997 6
e 316 351 5
e 316 440 3
e 316 448 6
e 316 516 2
e 316 681 5
e 316 703 6
e 316 724 4
e 316 825 4
e 316 845 4
e 316 865 7
e 317 417 7
e 317 433 3
e 317 466 5
e 317 505 8
e 317 601 9
e 317 655 1
e 317 673 3
e 317 683 2
e 317 772 5
e 317 822 5
e 317 848 2
e 317 942 5
e 318 327 9
e 318 566 9
e 318 584 10
e 318 654 9
e 318 673 5
e 318 816 3
e 318 934 5
e 319 426 8
e 319 463 4
e 319 489 3
e 319 566 5
e 319 659 8
e 319 696 4
e 319 709 1
e 319 733 1
e 319 737 6
e 319 808 7
e 319 863 3
e 319 920 3
e 319 986 3
e 320 403 10
e 320 537 7
e 320 571 4
e 320 786 7
e 320 868 8
e 320 874 9
e 320 915 2
e 320 995 3
e 321 348 1
e 321 697 10
e 321 796 7
e 321 837 3
e 321 935 2
e 322 402 4
e 322 431 8
e 322 621 1
e 322 672 1
e 322 792 5
e 322 844 9
e 322 932 7
e 322 979 7
e 323 380 7
e 323 399 8
e 323 401 2
e 323 442 4
e 323 453 3
e 323 472 3
e 323 503 2
e 323 656 3
e 323 680 2
e 323 695 1
e 323 890 2
e 323 937 5
e 324 346 10
e 324 466 2
e 324 490 1
e 324 609 8
e 324 628 2
e 324 732 1
e 324 789 10
e 325 366 8
e 325 446 2
e 325 450 2
e 325 554 4
e 325 635 1
e 325 697 1
e 325 705 2
e 325 774 2
e 325 776 5
e 325 938 8
e 325 963 4
e 325 977 4
e 326 351 8
e 326 475 7
e 326 490 6
e 326 500 2
e 326 584 6
e 326 647 2
e 326 650 2
e 326 738 4
e 326 773 1
e 326 802 6
e 326 840 10
e 326 852 9
e 326 911 10
e 326 932 7
e 326 935 6
e 327 331 3
e 327 361 7
e 327 442 5
e 327 518 2
e 327 522 7
e 327 584 8
e 327 602 1
e 327 670 3
e 327 749 5
e 327 807 8
e 327 914 10
e 328 387 7
e 328 444 8
e 328 469 2
e 328 553 7
e 328 618 8
e 328 855 5
e 329 352 6
e 329 393 8
e 329 417 10
e 329 433 8
e 329 452 6
e 329 569 7
e 329 618 9
e 329 694 9
e 329 762 10
e 329 783 3
e 329 806 1
e 330 378 6
e 330 404 6
e 330 507 10
e 330 537 2
e 330 542 6
e 330 543 9
e 330 587 9
e 330 678 6
e 330 682 1
e 330 774 9
e 330 870 3
e 330 890 5
e 330 915 1
e 330 979 3
e 331 340 3
e 331 490 7
e 331 494 5
e 331 548 3
e 331 620 1
e 331 630 5
e 331 726 1
e 331 760 3
e 331 797 9
e 331 933 4
e 331 956 4
e 332 365 2
e 332 531 10
e 332 583 8
e 332 651 7
e 332 658 2
e 332 693 1
e 332 717 6
e 332 926 1
e 332 955 2
e 332 957 3
e 333 421 2
e 333 423 1
e 333 429 1
e 333 460 1
e 333 493 10
e 333 504 3
e 333 520 4
e 333 687 9
e 333 696 5
e 333 766 5
e 334 475 4
e 334 614 9
e 334 738 3
e 334 883 9
e 334 901 5
e 334 949 9
e 334 957 6
e 335 445 10
e 335 502 2
e 335 530 2
e 335 619 3
e 335 629 9
e 335 634 7
e 335 696 2
e 335 776 3
e 335 806 10
e 335 850 2
e 336 344 5
e 336 431 6
e 336 436 8
e 336 462 10
e 336 534 10
e 336 605 8
e 336 694 6
e 336 696 6
e 336 769 3
e 336 845 1
e 336 907 10
e 336 969 1
e 336 976 3
e 337 425 6
e 337 495 5
e 337 527 5
e 337 647 2
e 337 707 4
e 337 771 4
e 337 826 7
e 337 881 6
e 337 931 2
e 337 972 4
e 338 354 8
e 338 502 7
e 338 526 9
e 338 633 3
e 338 650 2
e 338 668 9
e 338 709 5
e 338 849 9
e 338 853 10
e 338 981 6
e 339 438 5
e 339 463 3
e 339 529 5
e 339 565 4
e 339 765 7
e 339 878 1
e 340 381 8
e 340 473 4
e 340 523 3
e 340 613 3
e 340 660 9
e 340 670 10
e 340 727 6
e 340 744 3
e 340 923 5
e 340 949 4
e 341 349 8
e 341 363 3
e 341 473 1
e 341 653 1
e 341 746 2
e 341 750 10
e 341 984 7
e 342 367 5
e 342 441 6
e 342 489 3
e 342 652 10
e 342 770 10
e 342 825 6
e 342 836 5
e 342 858 5
e 342 962 4
e 343 346 7
e 343 517 2
e 343 518 8
e 343 553 3
e 343 573 1
e 343 599 7
e 343 607 6
e 343 900 7
e 344 358 10
e 344 372 7
e 344 436 2
e 344 599 9
e 344 612 6
e 344 615 7
e 344 629 5
e 344 658 1
e 344 876 8
e 344 885 2
e 344 951 5
e 345 348 10
e 345 399 4
e 345 419 6
e 345 450 10
e 345 579 2
e 345 619 4
e 345 704 2
e 345 715 5
e 345 791 1
e 345 831 1
e 345 984 8
e 346 359 7
e 346 421 9
e 346 445 1
e 346 566 3
e 346 629 3
e 346 680 10
e 346 731 8
e 346 814 9
e 346 818 5
e 346 895 9
e 347 381 9
e 347 406 5
e 347 503 6
e 347 629 9
e 347 636 8
e 347 654 6
e 347 702 4
e 347 726 2
e 347 815 2
e 347 836 10
e 347 988 7
e 347 998 8
e 348 354 4
e 348 381 2
e 348 420 2
e 348 520 4
e 348 582 2
e 348 593 5
e 348 632 5
e 348 718 2
e 348 751 4
e 348 778 5
e 348 779 1
e 348 913 4
e 349 363 6
e 349 365 5
e 349 396 2
e 349 407 4
e 349 449 3
e 349 531 9
e 349 548 8
e 349 556 2
e 349 578 4
e 349 649 9
e 349 658 10
e 349 797 6
e 349 814 5
e 349 901 5
e 349 914 10
e 350 380 1
e 350 383 3
e 350 576 1
e 350 598 3
e 350 707 3
e 350 722 6
e 350 880 2
e 350 920 1
e 351 447 9
e 351 514 8
e 351 602 4
e 351 655 5
e 351 737 3
e 351 841 2
e 351 918 5
e 351 976 7
e 352 409 4
e 352 420 4
e 352 504 3
e 352 643 3
e 352 776 9
e 352 843 6
e 353 468 6
e 353 499 10
e 353 532 4
e 353 542 6
e 353 587 10
e 353 678 7
e 353 690 8
e 353 711 8
e 353 727 1
e 353 829 3
e 353 835 4
e 353 925 7
e 354 368 7
e 354 449 4
e 354 503 3
e 354 555 2
e 354 595 6
e 354 690 9
e 354 778 6
e 354 824 3
e 354 827 6
e 354 855 3
e 355 465 7
e 355 629 5
e 355 635 9
e 355 636 2
e 355 711 2
e 355 777 9
e 355 781 5
e 355 811 9
e 355 885 4
e 355 913 3
e 355 921 5
e 355 968 5
e 355 985 6
e 356 425 2
e 356 656 5
e 356 704 3
e 356 751 1
e 356 757 5
e 357 384 2
e 357 464 1
e 357 471 7
e 357 514 8
e 357 620 6
e 357 639 8
e 357 655 4
e 357 693 8
e 357 773 6
e 357 818 7
e 358 367 6
e 358 369 1
e 358 646 2
e 358 659 9
e 358 726 9
e 358 799 3
e 358 864 5
e 358 921 6
e 358 972 5
e 358 999 3
e 359 360 7
e 359 368 5
e 359 433 10
e 359 476 2
e 359 606 6
e 359 696 3
e 359 759 3
e 359 881 6
e 359 896 3
e 360 368 5
e 360 474 4
e 360 523 1
e 360 543 8
e 360 638 8
e 360 658 9
e 360 776 7
e 360 871 10
e 360 921 4
e 360 966 4
e 361 365 7
e 361 559 1
e 361 567 5
e 361 588 10
e 361 621 5
e 361 713 4
e 361 753 2
e 361 758 6
e 361 811 5
e 361 826 9
e 361 893 2
e 361 898 7
e 361 960 5
e 362 398 2
e 362 462 2
e 362 530 8
e 362 536 10
e 362 579 8
e 362 642 1
e 362 699 4
e 362 750 9
e 362 808 5
e 362 894 8
e 362 957 8
e 363 710 1
e 363 745 5
e 363 812 3
e 363 816 2
e 363 906 4
e 363 911 3
e 363 978 7
e 364 426 7
e 364 573 6
e 364 598 7
e 364 697 4
e 364 769 3
e 364 803 9
e 364 903 9
e 364 924 2
e 364 949 6
e 365 421 3
e 365 478 2
e 365 504 8
e 365 511 3
e 365 588 3
e 365 664 4
e 365 833 10
e 365 910 7
e 365 938 1
e 365 984 3
e 365 987 6
e 366 421 6
e 366 455 2
e 366 468 1
e 366 472 2
e 366 687 10
e 366 706 2
e 366 940 9
e 367 586 7
e 367 633 4
e 367 672 1
e 367 692 3
e 367 698 8
e 367 766 8
e 367 826 10
e 367 867 9
e 367 962 7
e 367 986 5
e 368 421 7
e 368 486 9
e 368 516 9
e 368 544 7
e 368 545 5
e 368 685 1
e 368 691 3
e 368 700 3
e 368 755 3
e 368 844 5
e 368 957 1
e 369 393 8
e 369 515 7
e 369 714 10
e 369 722 7
e 369 732 10
e 369 840 3
e 369 947 1
e 369 989 7
e 370 463 2
e 370 517 1
e 370 531 4
e 370 563 1
e 370 629 4
e 370 631 8
e 370 817 10
e 370 823 9
e 370 870 10
e 370 928 4
e 370 956 1
e 371 402 7
e 371 426 5
e 371 465 6
e 371 498 9
e 371 528 9
e 371 659 3
e 371 717 6
e 371 813 1
e 371 819 4
e 371 858 7
e 371 921 4
e 371 938 3
e 371 948 10
e 371 969 9
e 372 377 9
e 372 413 4
e 372 487 2
e 372 530 4
e 372 693 3
e 372 731 9
e 372 762 10
e 372 817 5
e 372 824 10
e 372 853 9
e 373 436 6
e 373 443 9
e 373 458 1
e 373 471 3
e 373 483 8
e 373 776 9
e 373 825 5
e 373 890 4
e 373 975 10
e 373 998 9
e 374 377 3
e 374 602 8
e 374 632 10
e 374 766 4
e 374 788 6
e 374 923 10
e 374 954 4
e 374 987 8
e 375 381 9
e 375 631 3
e 375 638 3
e 375 737 7
e 375 779 10
e 375 930 6
e 375 969 2
e 376 478 10
e 376 535 10
e 376 650 10
e 377 378 10
e 377 394 6
e 377 484 4
e 377 581 7
e 377 741 8
e 377 781 4
e 377 798 2
e 377 818 1
e 378 463 9
e 378 608 1
e 378 619 6
e 378 703 4
e 378 715 4
e 378 731 10
e 378 734 9
e 378 917 2
e 378 993 5
e 379 490 2
e 379 519 3
e 379 522 2
e 379 562 7
e 379 734 3
e 379 737 3
e 379 772 7
e 379 870 9
e 379 905 7
e 379 977 4
e 380 494 8
e 380 499 5
e 380 563 8
e 380 584 1
e 380 631 5
e 380 638 8
e 380 702 6
e 380 705 10
e 380 725 8
e 380 751 8
e 380 880 10
e 380 910 3
e 381 417 7
e 381 446 10
e 381 461 7
e 381 619 2
e 381 764 8
e 381 869 2
e 382 443 8
e 382 586 4
e 382 622 10
e 382 811 3
e 382 836 1
e 382 864 3
e 382 866 4
e 383 397 3
e 383 591 9
e 383 612 9
e 383 672 7
e 383 749 9
e 383 808 2
e 384 413 1
e 384 417 8
e 384 425 8
e 384 500 8
e 384 621 7
e 384 705 7
e 384 871 10
e 384 873 9
e 384 929 4
e 385 388 3
e 385 460 9
e 385 530 2
e 385 537 8
e 385 611 3
e 385 634 9
e 385 646 4
e 385 667 8
e 385 819 6
e 386 550 9
e 386 656 1
e 386 667 5
e 386 712 8
e 386 753 9
e 386 883 2
e 387 476 6
e 387 540 9
e 387 573 7
e 387 726 2
e 387 745 1
e 387 873 8
e 387 874 7
e 387 901 8
e 387 958 8
e 388 467 8
e 388 565 2
e 388 568 3
e 388 589 8
e 388 794 6
e 388 917 4
e 388 940 2
e 388 961 5
e 389 405 4
e 389 598 8
e 389 730 9
e 389 746 9
e 389 791 8
e 389 820 6
e 389 843 9
e 389 912 5
e 389 971 5
e 390 505 5
e 390 525 2
e 390 575 8
e 390 579 3
e 390 735 10
e 390 772 10
e 390 819 7
e 390 821 4
e 390 895 10
e 390 923 10
e 391 423 3
e 391 486 3
e 391 523 8
e 391 579 5
e 391 671 8
e 391 686 4
e 392 508 10
e 392 530 3
e 392 615 7
e 392 776 5
e 392 821 9
e 392 870 6
e 392 956 7
e 392 987 5
e 393 491 3
e 393 567 8
e 393 584 5
e 393 629 1
e 393 703 9
e 393 746 9
e 393 756 9
e 393 768 6
e 393 776 7
e 393 813 5
e 393 906 1
e 394 513 4
e 394 824 8
e 394 935 3
e 395 421 7
e 395 432 8
e 395 499 1
e 395 544 4
e 395 572 1
e 395 660 6
e 395 665 10
e 395 717 3
e 395 722 9
e 395 738 1
e 395 747 2
e 395 755 7
e 395 792 2
e 396 537 6
e 396 577 2
e 396 619 5
e 396 647 4
e 396 708 4
e 396 717 5
e 396 768 5
e 396 783 1
e 396 785 2
e 396 829 4
e 396 866 2
e 396 882 1
e 396 903 2
e 396 925 8
e 396 964 7
e 396 982 7
e 397 449 5
e 397 542 1
e 397 618 4
e 397 640 3
e 397 694 2
e 397 763 10
e 397 845 1
e 397 936 4
e 398 484 3
e 398 544 10
e 398 622 9
e 398 665 10
e 398 670 2
e 398 696 2
e 398 789 1
e 398 897 10
e 398 918 7
e 398 964 8
e 398 979 3
e 399 478 7
e 399 506 1
e 399 613 5
e 399 631 2
e 399 661 8
e 399 752 1
e 399 820 2
e 399 959 2
e 400 421 1
e 400 614 1
e 400 877 8
e 401 428 2
e 401 592 6
e 401 651 3
e 401 709 7
e 401 807 10
e 401 826 5
e 401 847 1
e 401 863 10
e 402 540 5
e 402 548 2
e 402 570 6
e 402 605 10
e 402 885 4
e 402 902 7
e 402 904 7
e 402 941 9
e 403 465 3
e 403 557 3
e 403 839 3
e 403 884 7
e 403 888 10
e 403 954 10
e 404 508 6
e 404 568 9
e 404 597 10
e 404 629 7
e 404 685 1
e 404 688 3
e 404 748 1
e 404 751 4
e 404 835 4
e 404 894 7
e 404 904 5
e 404 978 9
e 405 503 2
e 405 603 7
e 405 608 1
e 405 650 4
e 405 658 4
e 405 664 8
e 405 706 3
e 405 721 1
e 405 759 1
e 405 775 9
e 405 794 5
e 405 798 7
e 405 887 5
e 405 914 1
e 406 417 6
e 406 470 4
e 406 477 4
e 406 482 10
e 406 694 6
e 406 733 3
e 406 770 3
e 406 775 7
e 406 845 3
e 406 991 5
e 407 587 5
e 407 615 8
e 407 659 4
e 407 695 5
e 407 810 4
e 407 903 10
e 407 904 9
e 407 905 2
e 407 957 7
e 408 417 6
e 408 499 3
e 408 666 7
e 408 736 3
e 408 818 8
e 408 836 4
e 408 901 9
e 408 909 10
e 408 956 1
e 409 557 1
e 409 685 4
e 409 867 8
e 409 886 3
e 409 940 7
e 410 415 7
e 410 477 6
e 410 478 1
e 410 522 7
e 410 551 5
e 410 617 2
e 410 622 1
e 410 729 8
e 410 838 7
e 410 908 9
e 410 923 6
e 411 552 5
e 411 616 9
e 411 666 5
e 411 689 6
e 411 701 3
e 411 720 1
e 411 778 10
e 412 422 8
e 412 494 10
e 412 542 5
e 412 593 10
e 412 705 5
e 412 746 10
e 412 764 8
e 412 905 1
e 412 987 6
e 413 460 9
e 413 607 6
e 413 621 7
e 413 653 1
e 413 657 6
e 413 680 3
e 413 771 6
e 413 830 8
e 413 959 7
e 414 418 1
e 414 486 1
e 414 662 2
e 414 663 3
e 414 709 9
e 414 814 8
e 414 832 9
e 414 881 7
e 414 919 2
e 414 949 4
e 415 570 8
e 415 770 9
e 415 832 1
e 416 513 7
e 416 643 8
e 416 674 2
e 416 727 10
e 416 889 5
e 416 930 3
e 416 947 1
e 416 988 6
e 417 428 3
e 417 491 1
e 417 550 9
e 417 606 2
e 417 897 7
e 418 434 10
e 419 439 2
e 419 632 1
e 419 663 3
e 419 748 1
e 419 862 8
e 419 879 1
e 419 882 7
e 419 949 8
e 419 975 8
e 420 595 4
e 420 667 9
e 420 751 1
e 420 818 10
e 420 891 8
e 420 916 9
e 420 985 9
e 421 639 10
e 421 651 10
e 421 656 8
e 421 669 2
e 421 728 10
e 421 951 3
e 421 978 3
e 422 431 10
e 422 479 3
e 422 567 3
e 422 606 2
e 422 621 6
e 422 656 9
e 422 687 8
e 422 766 4
e 422 859 10
e 422 945 3
e 423 588 9
e 423 666 3
e 423 689 10
e 423 701 8
e 423 724 1
e 423 810 5
e 423 834 6
e 423 848 6
e 423 850 8
e 423 894 8
e 423 909 9
e 423 976 7
e 423 992 8
e 424 427 7
e 424 459 4
e 424 618 9
e 424 691 5
e 424 771 9
e 424 828 6
e 424 831 3
e 424 864 9
e 424 887 9
e 424 949 10
e 424 962 4
e 424 981 5
e 425 435 7
e 425 495 3
e 425 716 8
e 425 838 7
e 425 948 10
e 426 520 8
e 426 555 7
e 426 632 6
e 426 652 3
e 426 693 5
e 426 708 4
e 426 718 10
e 426 726 10
e 426 804 9
e 426 855 7
e 426 892 1
e 426 901 7
e 426 977 10
e 427 595 5
e 427 626 1
e 427 671 3
e 427 723 2
e 427 750 3
e 427 753 3
e 427 761 5
e 427 771 7
e 427 783 6
e 427 807 9
e 427 879 5
e 427 888 7
e 427 963 10
e 428 441 1
e 428 449 9
e 428 498 6
e 428 505 9
e 428 612 1
e 428 713 10
e 428 724 10
e 428 767 1
e 428 846 10
e 428 960 8
e 428 985 4
e 429 439 3
e 429 535 5
e 429 541 9
e 429 631 5
e 429 672 6
e 429 761 4
e 429 769 7
e 429 879 8
e 430 460 4
e 430 495 4
e 430 500 2
e 430 506 6
e 430 706 10
e 430 777 10
e 430 784 6
e 430 872 1
e 430 981 7
e 431 434 9
e 431 455 4
e 431 486 2
e 431 527 4
e 431 871 5
e 431 957 4
e 431 993 8
e 432 586 1
e 432 600 2
e 432 632 5
e 432 657 8
e 432 734 8
e 432 969 6
e 433 444 5
e 433 447 10
e 433 469 2
e 433 473 1
e 433 579 9
e 433 880 10
e 433 993 5
e 434 462 9
e 434 484 7
e 434 571 8
e 434 828 5
e 434 851 10
e 434 908 5
e 434 974 1
e 434 997 7
e 435 516 5
e 435 548 10
e 435 640 9
e 435 662 10
e 435 835 8
e 435 856 9
e 435 940 2
e 435 975 4
e 436 604 1
e 436 664 4
e 436 761 6
e 436 781 6
e 436 885 10
e 437 614 4
e 437 621 9
e 437 750 3
e 437 755 9
e 437 893 4
e 437 900 2
e 438 598 6
e 438 670 4
e 438 694 5
e 438 795 8
e 438 810 3
e 438 849 9
e 438 866 9
e 438 872 1
e 438 927 9
e 438 932 2
e 439 555 4
e 439 582 10
e 439 709 2
e 439 755 4
e 439 763 4
e 439 773 1
e 439 795 3
e 439 819 4
e 439 920 4
e 440 492 2
e 440 556 4
e 440 765 2
e 440 914 3
e 440 928 1
e 441 455 5
e 441 502 3
e 441 666 4
e 441 877 3
e 442 577 1
e 442 584 6
e 442 616 8
e 442 835 10
e 442 852 8
e 442 960 3
e 442 964 4
e 443 486 10
e 443 601 8
e 443 677 8
e 443 714 10
e 443 725 4
e 443 818 6
e 443 909 8
e 443 913 8
e 443 928 8
e 444 449 5
e 444 479 9
e 444 604 2
e 444 717 2
e 444 757 5
e 444 867 2
e 444 987 3
e 445 528 8
e 445 542 4
e 445 593 9
e 445 632 5
e 445 688 6
e 445 702 3
e 445 751 7
e 445 769 9
e 445 781 4
e 445 887 6
e 446 470 9
e 446 567 2
e 446 603 8
e 446 615 10
e 446 700 4
e 446 861 5
e 446 903 1
e 447 452 9
e 447 515 6
e 447 681 10
e 447 798 8
e 447 821 6
e 447 912 2
e 447 952 10
e 447 967 4
e 447 982 7
e 447 998 4
e 448 459 6
e 448 489 5
e 448 522 2
e 448 571 3
e 448 714 10
e 448 766 4
e 448 779 4
e 448 878 4
e 449 464 3
e 449 552 10
e 449 573 1
e 449 639 2
e 449 643 2
e 449 675 3
e 449 703 6
e 449 908 6
e 449 909 6
e 450 490 3
e 450 528 7
e 450 805 4
e 450 933 8
e 451 516 7
e 451 533 1
e 451 745 9
e 451 835 3
e 451 849 10
e 451 904 3
e 451 971 5
e 452 503 6
e 452 654 1
e 452 739 9
e 452 783 2
e 452 836 7
e 452 886 4
e 452 937 7
e 452 981 1
e 452 993 4
e 453 718 1
e 453 875 7
e 453 901 4
e 453 971 4
e 454 517 4
e 454 573 4
e 454 588 6
e 454 600 7
e 454 643 7
e 454 697 9
e 454 727 8
e 454 932 3
e 455 513 8
e 455 580 6
e 455 719 9
e 455 806 3
e 455 860 3
e 455 914 8
e 456 511 9
e 456 520 2
e 456 563 3
e 456 622 5
e 456 650 6
e 456 818 3
e 456 859 1
e 456 867 7
e 457 526 1
e 457 540 1
e 457 574 4
e 457 578 6
e 457 728 9
e 457 768 6
e 457 780 8
e 457 809 9
e 457 818 1
e 457 827 2
e 457 853 5
e 458 535 10
e 458 553 3
e 458 575 8
e 458 616 6
e 458 663 8
e 458 705 3
e 458 718 6
e 458 843 3
e 459 494 2
e 459 530 8
e 459 533 2
e 459 608 8
e 459 625 3
e 459 698 2
e 459 757 5
e 459 844 7
e 460 539 8
e 460 620 6
e 460 634 1
e 460 664 1
e 460 720 8
e 460 869 9
e 461 568 8
e 461 576 9
e 461 584 4
e 461 849 2
e 461 850 7
e 461 871 2
e 462 583 1
e 462 711 3
e 462 737 1
e 462 744 8
e 462 809 4
e 462 834 1
e 462 843 7
e 462 853 1
e 463 502 10
e 463 523 4
e 463 683 3
e 463 822 6
e 463 858 4
e 463 923 1
e 463 952 8
e 464 493 2
e 464 504 4
e 464 520 1
e 464 582 8
e 464 633 7
e 464 650 10
e 464 743 8
e 464 995 9
e 465 566 10
e 465 664 6
e 465 705 7
e 465 724 2
e 465 809 9
e 465 893 6
e 465 914 6
e 466 491 2
e 466 492 4
e 466 504 1
e 466 608 2
e 466 715 2
e 466 754 1
e 466 785 9
e 466 789 2
e 466 876 3
e 466 881 8
e 466 897 7
e 466 920 10
e 467 483 3
e 467 520 1
e 467 554 4
e 467 570 1
e 467 580 10
e 467 584 9
e 467 620 8
e 467 656 4
e 467 660 7
e 467 690 8
e 467 860 4
e 467 909 10
e 468 525 7
e 468 545 10
e 468 546 7
e 468 555 3
e 468 565 4
e 468 587 9
e 469 530 7
e 469 620 3
e 469 636 8
e 469 808 1
e 469 877 1
e 469 884 9
e 469 918 1
e 470 532 2
e 470 549 2
e 470 568 8
e 470 711 3
e 470 849 9
e 470 850 9
e 470 855 10
e 470 885 5
e 470 943 7
e 470 986 9
e 471 515 4
e 471 528 1
e 471 892 3
e 471 931 8
e 471 949 1
e 471 995 3
e 472 492 6
e 472 804 7
e 472 945 9
e 473 532 8
e 473 617 7
e 473 667 2
e 473 692 6
e 473 868 4
e 473 908 3
e 473 932 2
e 473 948 3
e 474 600 2
e 474 604 2
e 474 648 2
e 474 677 7
e 474 689 2
e 474 774 6
e 475 513 9
e 475 516 2
e 475 538 9
e 475 594 2
e 475 689 7
e 475 709 1
e 475 788 1
e 475 833 9
e 475 846 6
e 475 854 5
e 475 862 7
e 475 965 8
e 475 983 8
e 476 600 4
e 476 688 5
e 476 779 7
e 476 812 4
e 476 831 8
e 476 884 5
e 476 894 6
e 476 902 2
e 476 951 7
e 476 959 7
e 476 987 3
e 477 548 8
e 477 562 7
e 477 608 1
e 477 669 5
e 477 724 6
e 477 812 10
e 477 840 5
e 477 865 2
e 477 948 3
e 477 957 2
e 477 970 8
e 478 482 6
e 478 668 7
e 478 785 1
e 478 885 3
e 478 886 7
e 478 889 10
e 478 952 3
e 478 975 10
e 479 518 1
e 479 537 5
e 479 547 2
e 479 595 10
e 479 748 4
e 479 762 4
e 479 825 2
e 479 894 2
e 479 938 9
e 479 978 10
e 479 986 8
e 479 995 10
e 480 570 5
e 480 574 6
e 480 644 7
e 480 688 7
e 480 792 9
e 480 825 7
e 480 871 7
e 480 923 3
e 480 945 7
e 480 979 8
e 481 581 3
e 481 585 8
e 481 606 8
e 481 670 4
e 481 680 3
e 481 712 6
e 481 729 3
e 481 747 2
e 481 783 2
e 481 845 9
e 481 922 6
e 481 999 10
e 482 517 6
e 482 551 4
e 482 759 9
e 482 906 3
e 482 918 4
e 482 931 2
e 482 960 6
e 482 964 3
e 483 608 8
e 483 688 5
e 483 691 3
e 483 711 6
e 483 750 5
e 483 884 10
e 483 943 3
e 484 560 1
e 484 635 10
e 484 678 7
e 485 731 7
e 485 786 4
e 486 579 5
e 486 701 7
e 486 917 2
e 486 925 8
e 486 994 6
e 487 492 9
e 487 573 1
e 487 621 9
e 487 648 3
e 487 652 5
e 487 690 3
e 487 922 4
e 487 983 8
e 488 520 2
e 488 666 4
e 488 838 1
e 488 927 2
e 488 928 9
e 488 943 1
e 489 500 9
e 489 661 3
e 489 677 7
e 489 804 5
e 489 858 6
e 490 496 10
e 490 498 10
e 490 809 9
e 490 824 2
e 490 848 1
e 490 862 5
e 490 920 10
e 491 520 1
e 491 586 9
e 491 718 1
e 491 724 1
e 491 730 6
e 491 753 6
e 491 845 10
e 491 929 8
e 491 993 4
e 492 693 9
e 492 763 3
e 492 883 2
e 493 519 2
e 493 526 5
e 493 538 7
e 493 603 10
e 493 645 2
e 493 674 8
e 493 831 10
e 493 919 8
e 493 978 4
e 494 677 6
e 494 690 3
e 494 696 9
e 494 757 7
e 494 862 2
e 494 880 6
e 494 929 5
e 494 944 6
e 494 973 6
e 495 516 10
e 495 667 9
e 495 774 4
e 495 867 7
e 495 894 7
e 495 991 9
e 496 523 6
e 496 651 10
e 496 693 8
e 496 733 9
e 496 865 7
e 496 999 4
e 497 714 8
e 497 785 1
e 497 951 8
e 498 710 5
e 498 729 6
e 498 818 10
e 498 839 9
e 498 935 5
e 499 619 3
e 499 657 5
e 499 689 3
e 499 740 7
e 499 781 9
e 499 794 8
e 499 866 3
e 499 930 8
e 499 936 10
e 500 558 9
e 500 690 9
e 500 770 4
e 501 555 2
e 501 663 6
e 501 678 4
e 501 725 4
e 501 771 6
e 501 944 6
e 502 552 4
e 502 619 10
e 502 648 8
e 502 790 5
e 502 902 3
e 503 652 10
e 503 662 9
e 503 828 4
e 503 830 7
e 503 900 8
e 503 990 1
e 504 666 6
e 504 836 4
e 504 865 6
e 504 911 3
e 504 944 3
e 504 975 5
e 505 516 5
e 505 603 1
e 505 635 3
e 505 893 2
e 505 907 7
e 505 931 5
e 505 943 1
e 505 979 3
e 505 980 8
e 506 541 8
e 506 565 10
e 506 916 3
e 506 952 7
e 506 954 8
e 506 974 9
e 506 979 7
e 507 537 4
e 507 541 2
e 507 585 5
e 507 605 3
e 507 616 3
e 507 709 9
e 507 742 5
e 507 760 4
e 507 781 10
e 507 897 7
e 507 940 4
e 508 593 4
e 508 628 5
e 508 694 7
e 508 699 9
e 508 721 3
e 508 722 7
e 508 827 9
e 508 834 6
e 508 862 5
e 508 908 5
e 508 922 3
e 509 515 1
e 509 603 6
e 509 678 6
e 509 691 9
e 509 800 3
e 509 902 5
e 509 917 7
e 509 956 3
e 509 985 10
e 510 522 8
e 510 560 7
e 510 644 5
e 511 610 3
e 511 744 10
e 511 794 6
e 511 921 4
e 511 936 4
e 511 942 6
e 511 950 4
e 512 613 8
e 512 622 4
e 512 628 10
e 512 719 3
e 512 757 10
e 512 847 4
e 512 856 2
e 512 890 1
e 512 937 10
e 513 837 9
e 513 910 4
e 514 526 1
e 514 656 8
e 514 713 1
e 514 809 7
e 514 886 9
e 514 954 2
e 514 958 2
e 515 530 10
e 515 578 2
e 515 600 8
e 515 603 8
e 515 680 9
e 515 785 7
e 515 876 7
e 516 529 6
e 516 538 2
e 516 569 3
e 516 765 6
e 516 770 8
e 516 793 2
e 516 909 9
e 517 537 2
e 517 545 7
e 517 631 1
e 517 694 10
e 517 879 2
e 517 903 5
e 517 916 10
e 517 940 5
e 517 942 2
e 517 984 2
e 518 570 7
e 518 572 9
e 518 577 6
e 518 894 9
e 518 943 9
e 519 562 8
e 519 662 4
e 519 746 10
e 519 783 9
e 519 791 9
e 519 894 7
e 519 895 9
e 520 598 9
e 520 702 8
e 520 732 4
e 520 751 7
e 520 866 8
e 520 894 8
e 520 903 1
e 520 926 6
e 521 599 6
e 521 651 3
e 521 929 1
e 521 947 1
e 522 609 5
e 522 689 2
e 522 697 5
e 522 752 10
e 523 568 10
e 523 752 7
e 523 817 5
e 523 872 1
e 523 912 1
e 523 993 4
e 524 582 10
e 524 725 7
e 524 779 1
e 524 816 3
e 524 826 7
e 525 569 5
e 525 594 6
e 525 624 8
e 525 678 10
e 525 729 2
e 525 913 10
e 525 970 1
e 526 531 8
e 526 597 6
e 526 700 1
e 526 734 2
e 526 786 9
e 526 801 6
e 526 872 10
e 527 528 7
e 527 550 5
e 527 711 2
e 527 795 5
e 527 843 8
e 527 974 7
e 528 540 9
e 528 625 7
e 528 646 7
e 528 735 6
e 528 745 3
e 528 770 3
e 528 817 10
e 528 922 9
e 529 760 5
e 529 801 7
e 530 572 1
e 530 577 6
e 530 614 6
e 530 630 3
e 530 688 10
e 530 699 1
e 530 736 4
e 530 860 9
e 530 931 3
e 531 542 9
e 531 553 1
e 531 642 2
e 531 731 3
e 531 955 2
e 532 567 10
e 532 597 5
e 532 632 9
e 532 660 5
e 532 704 6
e 532 812 6
e 532 889 8
e 533 562 1
e 533 574 4
e 533 589 9
e 533 590 8
e 533 617 2
e 533 694 1
e 533 799 5
e 533 824 4
e 533 930 5
e 533 975 9
e 534 614 9
e 534 643 6
e 534 663 5
e 534 853 6
e 534 878 8
e 535 697 9
e 535 744 7
e 535 811 6
e 535 819 1
e 535 934 7
e 536 599 1
e 536 775 9
e 536 795 7
e 537 665 9
e 537 686 2
e 537 694 10
e 537 778 7
e 538 561 3
e 538 607 5
e 538 683 2
e 538 694 6
e 538 737 6
e 538 757 9
e 538 771 6
e 538 786 1
e 538 860 6
e 538 958 1
e 538 966 2
e 539 565 5
e 539 615 8
e 539 630 2
e 539 745 1
e 539 820 4
e 539 890 3
e 539 952 9
e 539 959 5
e 540 658 6
e 540 679 7
e 540 702 8
e 540 759 3
e 540 772 4
e 540 957 5
e 540 989 7
e 541 572 8
e 541 620 5
e 541 643 10
e 541 755 3
e 541 771 5
e 541 959 7
e 542 548 9
e 542 643 7
e 542 758 3
e 542 836 10
e 543 621 10
e 543 715 5
e 543 791 7
e 543 910 10
e 544 655 5
e 544 743 8
e 544 777 10
e 544 885 5
e 544 948 5
e 545 599 3
e 545 645 6
e 545 689 4
e 545 718 4
e 545 744 2
e 545 805 9
e 545 935 2
e 545 978 9
e 546 575 10
e 546 587 3
e 546 605 6
e 546 610 8
e 546 654 9
e 546 670 4
e 546 909 4
e 547 628 8
e 547 668 7
e 547 847 9
e 547 871 2
e 547 994 7
e 548 553 6
e 548 558 7
e 548 649 7
e 548 739 4
e 548 747 6
e 548 758 10
e 548 769 5
e 548 892 3
e 549 597 1
e 549 623 3
e 549 720 10
e 549 761 7
e 549 874 6
e 549 889 5
e 550 566 4
e 550 795 2
e 550 912 10
e 550 989 3
e 551 740 5
e 551 747 10
e 551 756 6
e 551 915 3
e 552 637 4
e 552 659 2
e 552 682 9
e 552 861 1
e 553 569 9
e 553 686 8
e 553 853 6
e 553 929 3
e 553 933 3
e 553 948 10
e 554 719 8
e 554 834 2
e 554 882 10
e 554 956 6
e 554 982 2
e 554 985 3
e 555 756 1
e 555 952 10
e 555 984 3
e 556 682 9
e 556 748 9
e 556 861 4
e 556 949 3
e 557 574 3
e 557 753 5
e 557 783 9
e 557 805 10
e 557 827 3
e 557 893 6
e 558 699 6
e 558 790 5
e 558 860 5
e 559 570 7
e 559 586 4
e 559 714 7
e 559 760 3
e 559 772 1
e 559 814 3
e 559 918 10
e 560 613 6
e 560 847 1
e 560 857 10
e 560 871 2
e 560 966 9
e 561 807 8
e 562 721 10
e 562 773 1
e 562 806 10
e 562 871 1
e 562 932 3
e 562 964 9
e 563 729 7
e 563 759 6
e 563 829 4
e 563 917 9
e 563 931 5
e 564 651 9
e 564 659 2
e 564 706 9
e 564 770 4
e 564 794 3
e 565 588 3
e 565 604 9
e 565 648 3
e 565 732 8
e 565 738 10
e 565 786 4
e 565 790 3
e 566 575 3
e 566 587 10
e 566 624 2
e 566 679 8
e 566 685 5
e 566 723 2
e 566 780 9
e 566 817 9
e 566 818 5
e 566 907 2
e 567 572 6
e 567 724 10
e 567 742 4
e 567 768 10
e 567 880 8
e 567 894 2
e 568 588 5
e 568 640 9
e 568 682 2
e 568 705 6
e 568 761 4
e 568 999 7
e 569 577 6
e 569 602 9
e 569 611 6
e 569 618 5
e 569 733 9
e 569 815 4
e 569 835 9
e 569 940 10
e 570 589 3
e 570 616 7
e 570 617 7
e 570 692 10
e 570 786 9
e 570 811 2
e 570 852 6
e 570 872 3
e 570 886 4
e 571 837 5
e 571 851 3
e 571 875 3
e 571 927 6
e 571 969 6
e 572 655 3
e 572 702 5
e 572 732 1
e 572 965 6
e 573 606 3
e 573 660 2
e 573 700 2
e 574 668 3
e 574 669 6
e 574 726 10
e 574 880 8
e 574 962 2
e 575 579 1
e 575 582 7
e 575 637 9
e 575 686 4
e 575 693 2
e 575 742 1
e 575 787 10
e 575 928 6
e 576 590 2
e 576 915 8
e 577 670 7
e 577 704 4
e 577 726 7
e 577 730 9
e 577 791 9
e 577 858 5
e 577 902 1
e 577 978 3
e 578 737 3
e 579 638 3
e 579 762 5
e 579 853 1
e 579 883 2
e 579 939 8
e 579 970 4
e 580 661 2
e 580 663 8
e 580 682 6
e 580 704 2
e 580 771 4
e 580 821 9
e 580 952 1
e 580 981 10
e 581 594 8
e 581 596 4
e 581 635 9
e 581 847 5
e 581 862 2
e 581 882 10
e 581 956 9
e 582 600 5
e 582 682 1
e 582 755 9
e 582 821 4
e 582 863 1
e 582 873 3
e 582 888 4
e 582 958 8
e 583 621 4
e 583 703 6
e 583 782 4
e 583 821 2
e 584 589 6
e 584 609 8
e 584 775 9
e 584 895 9
e 584 953 7
e 585 596 3
e 585 678 10
e 585 751 1
e 585 806 1
e 585 807 8
e 585 874 7
e 585 901 5
e 585 957 5
e 586 655 7
e 586 677 10
e 586 772 3
e 586 829 3
e 586 884 4
e 586 930 1
e 586 951 1
e 587 652 10
e 587 720 1
e 587 725 6
e 587 773 5
e 587 815 5
e 587 897 3
e 587 946 7
e 587 988 3
e 587 996 9
e 588 684 5
e 588 734 10
e 588 758 5
e 588 802 4
e 588 831 3
e 588 962 3
e 589 598 4
e 589 662 8
e 589 743 9
e 589 885 7
e 589 889 4
e 589 981 3
e 590 597 3
e 590 669 2
e 590 725 2
e 590 727 1
e 590 849 2
e 590 893 6
e 590 964 10
e 591 607 3
e 591 650 1
e 591 686 1
e 591 687 9
e 591 794 6
e 591 796 4
e 591 808 7
e 591 818 5
e 591 946 5
e 591 948 5
e 591 958 3
e 592 930 6
e 592 968 6
e 592 975 6
e 593 598 3
e 593 687 6
e 593 706 4
e 593 721 10
e 593 725 1
e 593 930 9
e 593 984 5
e 594 710 3
e 594 755 3
e 594 816 5
e 594 833 3
e 594 944 4
e 594 972 7
e 594 979 4
e 595 627 7
e 595 708 9
e 595 780 3
e 595 855 8
e 595 875 9
e 595 949 10
e 595 969 8
e 596 823 8
e 596 920 2
e 596 933 6
e 597 638 9
e 597 648 6
e 597 754 1
e 597 875 7
e 597 957 6
e 598 642 6
e 598 659 9
e 598 829 3
e 598 931 10
e 598 972 4
e 599 618 10
e 599 650 4
e 599 694 3
e 599 733 2
e 599 774 2
e 599 789 1
e 600 609 4
e 600 619 1
e 600 631 4
e 600 724 1
e 600 755 7
e 600 769 2
e 600 822 9
e 600 852 5
e 600 979 7
e 601 654 6
e 601 767 9
e 601 785 4
e 601 849 1
e 601 862 2
e 601 908 3
e 601 976 5
e 601 988 10
e 602 738 4
e 602 782 7
e 602 811 5
e 602 839 4
e 603 685 1
e 603 859 3
e 603 870 1
e 603 956 6
e 604 773 8
e 605 618 3
e 605 638 1
e 605 816 1
e 605 849 9
e 605 976 8
e 606 702 7
e 606 811 2
e 606 826 4
e 606 873 8
e 606 985 6
e 607 622 4
e 607 660 7
e 607 713 9
e 607 760 1
e 607 787 8
e 607 979 9
e 608 721 3
e 608 802 5
e 608 841 6
e 609 654 9
e 609 674 9
e 609 797 5
e 609 919 2
e 609 978 4
e 610 656 1
e 610 694 9
e 610 842 2
e 611 630 4
e 611 645 1
e 611 769 8
e 611 825 9
e 611 832 5
e 611 835 10
e 611 889 4
e 611 937 8
e 611 969 10
e 612 618 4
e 612 977 2
e 613 929 9
e 613 987 4
e 614 741 3
e 614 754 4
e 614 828 4
e 614 876 5
e 614 886 5
e 614 932 2
e 614 948 4
e 615 801 6
e 615 852 9
e 616 644 4
e 616 691 10
e 616 720 10
e 616 871 6
e 617 688 9
e 617 838 9
e 617 852 3
e 617 901 8
e 617 906 5
e 618 628 8
e 618 687 10
e 618 777 3
e 618 806 8
e 618 835 2
e 618 844 3
e 619 632 10
e 619 669 7
e 619 685 8
e 619 841 5
e 619 845 3
e 619 880 2
e 619 917 6
e 619 936 2
e 619 985 4
e 620 658 10
e 620 706 6
e 620 768 7
e 620 818 6
e 620 990 5
e 621 707 7
e 621 861 6
e 621 960 1
e 622 679 8
e 622 701 6
e 622 818 5
e 622 958 7
e 623 721 7
e 623 735 7
e 623 753 4
e 623 925 9
e 624 736 9
e 624 769 5
e 624 884 5
e 624 987 10
e 625 636 3
e 625 718 2
e 625 817 3
e 625 947 2
e 625 963 2
e 625 997 7
e 626 635 6
e 626 683 9
e 626 741 4
e 626 749 9
e 626 759 6
e 626 773 10
e 626 929 7
e 627 784 8
e 627 803 1
e 627 816 1
e 627 977 8
e 627 978 8
e 628 734 3
e 628 761 2
e 628 872 10
e 628 937 5
e 629 692 7
e 629 729 5
e 629 854 5
e 629 905 10
e 629 950 10
e 630 693 2
e 630 736 3
e 630 938 8
e 630 941 3
e 631 676 2
e 631 737 6
e 631 761 8
e 631 802 5
e 631 804 9
e 631 833 7
e 631 995 5
e 632 768 8
e 632 815 7
e 632 928 1
e 633 688 8
e 633 768 9
e 633 782 1
e 633 793 5
e 633 905 5
e 633 968 10
e 633 983 6
e 634 717 5
e 634 736 9
e 634 784 7
e 634 798 4
e 634 865 4
e 635 640 6
e 635 715 4
e 635 862 1
e 635 934 4
e 636 696 7
e 636 709 3
e 636 979 10
e 636 990 9
e 637 708 2
e 637 725 3
e 637 734 1
e 637 796 2
e 637 829 10
e 637 838 6
e 637 844 6
e 637 877 2
e 637 989 6
e 638 906 1
e 638 915 6
e 638 993 7
e 639 724 2
e 639 749 7
e 639 771 10
e 639 868 1
e 639 929 10
e 640 707 3
e 640 780 2
e 640 807 2
e 640 823 8
e 640 921 9
e 640 961 6
e 640 969 10
e 640 995 4
e 641 651 4
e 641 676 1
e 641 686 6
e 641 737 7
e 641 815 9
e 641 817 9
e 641 923 5
e 642 697 6
e 642 724 9
e 642 797 10
e 642 820 10
e 642 870 9
e 642 936 7
e 643 688 5
e 643 695 9
e 643 705 6
e 643 828 5
e 644 657 10
e 644 718 6
e 644 746 9
e 644 790 2
e 644 993 4
e 645 748 5
e 645 786 10
e 645 811 3
e 645 842 9
e 646 772 2
e 646 823 9
e 646 890 2
e 646 932 5
e 646 970 1
e 647 759 7
e 647 826 9
e 647 912 4
e 647 948 1
e 647 962 2
e 647 969 3
e 648 769 7
e 648 834 4
e 648 897 8
e 648 963 2
e 649 671 10
e 649 681 9
e 649 683 4
e 649 725 10
e 649 886 4
e 649 907 1
e 649 952 2
e 649 986 7
e 650 711 6
e 650 772 3
e 650 803 1
e 650 873 8
e 650 890 1
e 650 964 3
e 651 655 5
e 651 925 1
e 651 994 4
e 652 734 1
e 652 854 2
e 652 953 7
e 653 733 1
e 653 746 1
e 653 914 4
e 653 934 4
e 654 698 2
e 654 739 8
e 654 804 2
e 654 837 1
e 654 856 1
e 654 933 6
e 654 963 4
e 654 990 8
e 655 769 3
e 655 804 1
e 655 865 10
e 655 995 3
e 656 663 6
e 656 689 7
e 656 703 6
e 656 917 7
e 657 738 4
e 657 759 3
e 657 760 5
e 657 861 10
e 657 889 2
e 657 912 6
e 657 927 10
e 658 700 1
e 658 711 6
e 658 721 6
e 658 846 5
e 658 869 2
e 658 877 1
e 658 973 7
e 659 713 1
e 659 888 9
e 659 910 1
e 659 936 5
e 659 952 4
e 659 973 10
e 659 990 3
e 660 666 4
e 660 913 4
e 660 945 3
e 660 977 5
e 661 790 5
e 661 811 10
e 661 872 2
e 661 897 6
e 661 992 6
e 662 715 5
e 662 790 1
e 662 800 3
e 662 887 5
e 662 953 9
e 663 787 3
e 663 843 3
e 663 889 7
e 663 915 3
e 663 940 4
e 663 947 3
e 664 680 7
e 664 690 1
e 664 843 1
e 664 880 6
e 664 887 2
e 664 891 2
e 665 706 7
e 665 744 3
e 665 761 9
e 665 980 2
e 666 667 4
e 666 675 5
e 666 683 10
e 666 747 2
e 666 849 4
e 666 854 5
e 666 923 6
e 667 899 1
e 667 919 7
e 667 952 3
e 668 707 10
e 668 843 3
e 668 925 7
e 669 678 10
e 669 688 1
e 669 816 4
e 669 819 8
e 669 932 5
e 669 950 3
e 669 991 6
e 670 752 2
e 670 767 1
e 670 775 7
e 670 821 6
e 670 927 9
e 671 904 5
e 671 946 4
e 672 739 9
e 672 764 3
e 672 821 8
e 673 818 4
e 674 719 9
e 674 880 5
e 675 760 1
e 675 762 7
e 675 804 2
e 675 878 6
e 675 921 4
e 675 968 7
e 675 976 4
e 675 989 1
e 676 691 8
e 676 750 8
e 676 790 9
e 676 934 8
e 677 738 2
e 677 773 8
e 677 779 7
e 677 783 10
e 677 919 10
e 677 978 4
e 678 796 7
e 678 944 10
e 679 733 2
e 679 810 1
e 679 840 8
e 679 910 6
e 679 912 10
e 680 712 10
e 680 721 7
e 680 732 2
e 680 833 5
e 680 873 8
e 680 906 4
e 680 961 6
e 681 733 2
e 681 991 5
e 682 688 6
e 682 736 5
e 682 747 8
e 682 769 4
e 682 772 5
e 682 895 4
e 683 699 2
e 683 700 4
e 683 872 1
e 683 887 2
e 683 925 7
e 683 938 8
e 683 986 2
e 684 740 1
e 684 845 2
e 684 973 3
e 685 720 5
e 685 776 1
e 685 863 6
e 685 947 4
e 685 973 8
e 685 975 8
e 686 702 10
e 686 717 3
e 686 856 8
e 686 916 5
e 687 727 10
e 687 751 6
e 687 791 4
e 687 955 10
e 688 709 7
e 688 728 8
e 688 733 7
e 688 735 5
e 688 833 8
e 688 848 3
e 688 854 10
e 688 934 6
e 689 878 2
e 689 979 9
e 690 734 9
e 690 812 5
e 690 992 10
e 691 744 6
e 691 851 3
e 691 854 10
e 691 896 2
e 691 946 8
e 692 764 1
e 692 852 8
e 692 923 3
e 693 964 1
e 694 712 10
e 694 770 9
e 694 817 7
e 694 834 3
e 694 902 7
e 694 916 7
e 694 971 1
e 695 758 8
e 695 841 9
e 695 877 6
e 695 932 1
e 695 941 10
e 695 957 7
e 696 705 2
e 696 846 3
e 697 891 9
e 697 966 6
e 697 973 8
e 698 802 1
e 699 707 8
e 699 711 4
e 699 718 6
e 699 736 3
e 699 840 10
e 700 766 7
e 700 772 5
e 700 786 4
e 700 966 1
e 700 981 6
e 701 994 9
e 702 732 8
e 702 903 2
e 703 732 3
e 703 762 4
e 703 834 9
e 703 880 1
e 703 934 1
e 704 754 6
e 704 861 6
e 704 879 6
e 705 721 10
e 705 793 3
e 705 839 1
e 705 912 4
e 706 723 9
e 706 769 6
e 706 851 3
e 706 890 6
e 706 892 10
e 707 708 8
e 707 807 10
e 707 835 10
e 707 930 2
e 708 756 4
e 708 897 2
e 708 942 2
e 709 761 6
e 709 868 3
e 709 909 8
e 709 932 5
e 709 986 1
e 710 717 5
e 710 782 8
e 710 793 7
e 710 851 6
e 710 943 4
e 711 737 9
e 711 813 4
e 711 826 5
e 711 864 5
e 711 868 10
e 711 879 7
e 711 882 6
e 711 912 6
e 711 960 3
e 712 785 8
e 712 836 4
e 712 892 5
e 712 972 8
e 712 985 4
e 713 796 9
e 713 885 3
e 713 937 4
e 713 968 5
e 714 718 3
e 714 809 2
e 714 887 3
e 714 977 6
e 715 726 5
e 715 805 9
e 715 818 4
e 715 948 7
e 715 962 5
e 716 738 10
e 716 758 2
e 716 834 1
e 716 895 10
e 716 962 7
e 717 802 8
e 717 819 1
e 717 940 5
e 718 735 9
e 718 832 1
e 718 855 1
e 718 956 4
e 719 785 2
e 719 804 5
e 719 873 5
e 719 953 10
e 720 754 7
e 720 771 3
e 720 851 9
e 721 780 6
e 721 847 7
e 721 932 9
e 722 761 7
e 722 850 3
e 722 922 3
e 723 782 1
e 723 819 10
e 724 769 7
e 724 839 6
e 725 824 3
e 725 842 2
e 725 929 7
e 725 996 6
e 726 886 1
e 726 914 9
e 726 920 9
e 726 960 5
e 726 971 4
e 727 756 10
e 727 824 9
e 727 877 2
e 727 887 9
e 727 905 10
e 727 945 1
e 728 779 7
e 728 859 3
e 728 903 6
e 728 914 7
e 728 932 1
e 728 987 8
e 729 776 5
e 729 856 1
e 730 801 10
e 730 884 2
e 730 942 3
e 730 943 2
e 731 759 1
e 731 768 8
e 731 798 1
e 731 807 1
e 731 827 2
e 731 863 9
e 731 892 9
e 731 916 10
e 731 917 8
e 732 796 2
e 732 821 10
e 732 867 2
e 732 953 5
e 733 832 4
e 733 919 10
e 734 801 9
e 734 836 2
e 734 865 4
e 734 927 5
e 734 970 3
e 735 741 4
e 735 793 3
e 735 809 7
e 735 962 7
e 735 980 9
e 736 750 9
e 736 855 6
e 736 872 8
e 737 739 9
e 737 851 2
e 737 865 8
e 737 888 8
e 737 993 4
e 738 937 6
e 738 964 5
e 738 968 7
e 738 987 2
e 739 775 3
e 739 853 3
e 739 857 2
e 739 879 3
e 739 902 7
e 739 980 10
e 740 832 3
e 740 850 2
e 741 758 5
e 741 842 3
e 741 909 1
e 743 826 7
e 743 904 5
e 743 907 9
e 743 947 5
e 743 958 3
e 744 745 8
e 744 785 4
e 744 930 9
e 745 795 6
e 745 812 2
e 746 771 6
e 746 826 8
e 746 919 10
e 746 941 2
e 746 953 1
e 746 985 6
e 746 989 10
e 747 768 2
e 747 814 9
e 747 896 10
e 747 941 6
e 747 969 2
e 747 991 10
e 748 918 7
e 748 937 6
e 749 825 10
e 750 873 2
e 750 935 10
e 752 883 3
e 752 889 7
e 752 940 1
e 753 822 5
e 753 826 10
e 753 900 6
e 753 902 6
e 753 982 4
e 754 817 3
e 754 883 8
e 754 899 3
e 754 981 5
e 754 987 1
e 755 772 2
e 755 941 4
e 755 944 6
e 756 821 9
e 756 909 6
e 756 965 4
e 757 790 7
e 757 805 10
e 757 815 6
e 757 823 10
e 757 845 6
e 757 879 2
e 757 914 1
e 757 917 2
e 758 913 4
e 759 785 9
e 759 849 10
e 759 864 2
e 759 890 6
e 759 919 9
e 760 877 3
e 760 978 6
e 760 988 7
e 761 766 10
e 761 788 6
e 761 812 4
e 761 818 4
e 761 867 5
e 761 891 10
e 761 940 4
e 762 912 10
e 763 900 6
e 764 793 5
e 764 796 7
e 764 867 5
e 764 911 2
e 765 806 7
e 765 860 5
e 765 895 1
e 765 946 8
e 766 802 9
e 766 831 2
e 766 844 4
e 766 847 3
e 766 923 5
e 766 936 7
e 767 835 9
e 767 871 5
e 767 920 5
e 768 793 3
e 768 803 1
e 768 891 2
e 768 958 4
e 769 882 7
e 769 903 9
e 769 980 5
e 769 982 10
e 769 995 7
e 770 886 7
e 770 967 2
e 770 971 1
e 771 855 9
e 772 921 2
e 772 979 8
e 773 815 10
e 773 825 3
e 773 982 1
e 774 805 1
e 774 899 5
e 774 908 5
e 775 862 2
e 776 841 1
e 777 934 6
e 777 956 9
e 777 986 4
e 777 988 4
e 778 803 9
e 778 808 3
e 779 781 2
e 779 790 4
e 779 863 1
e 779 943 3
e 780 843 1
e 780 920 8
e 780 938 8
e 781 813 7
e 781 986 7
e 782 789 6
e 782 962 8
e 782 983 1
e 783 803 1
e 783 890 9
e 784 956 8
e 784 975 5
e 784 997 10
e 785 796 1
e 785 955 9
e 786 813 1
e 786 872 1
e 786 911 9
e 786 927 3
e 786 980 6
e 787 865 5
e 787 929 5
e 787 959 10
e 788 820 9
e 788 877 4
e 788 884 7
e 788 909 7
e 791 858 7
e 791 892 1
e 791 905 1
e 791 944 9
e 791 948 6
e 792 888 9
e 792 977 4
e 793 821 10
e 793 830 3
e 793 835 8
e 793 866 10
e 793 877 2
e 793 909 1
e 793 960 3
e 793 967 4
e 794 937 7
e 794 982 9
e 796 919 9
e 796 923 6
e 796 941 3
e 797 822 5
e 797 835 4
e 797 903 1
e 797 919 4
e 797 943 8
e 798 976 5
e 799 899 9
e 800 804 7
e 800 814 10
e 800 818 3
e 800 900 4
e 801 804 4
e 801 815 3
e 801 888 1
e 802 807 4
e 802 836 5
e 802 871 1
e 803 822 8
e 803 949 9
e 803 977 5
e 804 996 2
e 805 869 10
e 805 881 5
e 805 901 4
e 807 870 8
e 807 982 6
e 808 932 6
e 808 995 4
e 810 922 2
e 810 977 9
e 811 834 7
e 811 890 6
e 813 819 9
e 813 884 8
e 813 903 1
e 813 943 6
e 813 947 3
e 814 829 6
e 814 880 1
e 814 966 1
e 815 822 8
e 815 855 7
e 817 829 4
e 817 909 2
e 817 920 8
e 817 939 5
e 818 980 9
e 819 820 9
e 819 864 2
e 819 924 10
e 820 910 10
e 820 946 5
e 820 985 6
e 821 912 7
e 821 930 5
e 822 921 8
e 822 970 3
e 824 954 2
e 825 906 1
e 825 949 3
e 825 965 7
e 826 981 5
e 827 841 3
e 827 847 3
e 827 922 7
e 828 886 6
e 828 915 4
e 828 939 8
e 828 964 9
e 829 976 9
e 830 893 8
e 830 973 7
e 831 895 2
e 831 896 8
e 831 903 5
e 831 955 9
e 831 959 1
e 832 899 7
e 833 842 10
e 833 900 3
e 833 975 5
e 833 983 6
e 833 998 8
e 835 877 10
e 835 990 5
e 836 895 5
e 836 945 9
e 836 956 8
e 836 983 1
e 836 988 4
e 837 961 8
e 839 935 6
e 839 944 10
e 839 952 7
e 839 960 4
e 839 963 1
e 840 854 4
e 840 860 10
e 840 987 3
e 841 875 2
e 841 902 9
e 841 910 9
e 841 934 7
e 841 981 7
e 844 872 7
e 844 896 9
e 844 927 7
e 845 942 1
e 846 853 10
e 846 895 1
e 846 994 4
e 849 885 8
e 849 992 7
e 850 907 10
e 850 991 7
e 851 859 7
e 851 881 9
e 851 937 7
e 851 980 9
e 852 969 5
e 853 895 2
e 853 930 3
e 854 876 6
e 854 890 5
e 855 928 1
e 855 970 3
e 856 914 5
e 856 921 4
e 856 984 4
e 858 930 8
e 859 896 10
e 860 942 3
e 860 961 8
e 862 956 6
e 862 990 9
e 864 910 4
e 864 965 1
e 866 867 3
e 867 889 4
e 868 918 2
e 868 953 2
e 868 966 5
e 869 998 9
e 871 905 8
e 871 921 6
e 871 927 9
e 871 954 9
e 871 994 1
e 872 892 6
e 872 998 5
e 873 989 7
e 874 905 9
e 874 951 7
e 875 988 2
e 876 946 8
e 877 952 1
e 877 954 6
e 878 959 3
e 878 976 7
e 878 977 1
e 879 905 6
e 879 954 10
e 879 978 6
e 879 995 3
e 880 942 9
e 882 959 10
e 884 989 3
e 885 888 10
e 885 906 8
e 885 911 6
e 885 922 1
e 885 930 7
e 886 939 1
e 886 989 5
e 887 922 5
e 887 976 2
e 887 994 10
e 888 910 1
e 888 953 5
e 888 955 2
e 889 931 7
e 889 989 5
e 890 982 9
e 891 919 4
e 891 959 2
e 891 966 6
e 893 894 9
e 893 920 6
e 893 940 8
e 897 921 5
e 898 930 2
e 898 972 5
e 898 996 2
e 899 986 6
e 900 913 2
e 900 914 5
e 900 973 7
e 900 994 2
e 901 982 5
e 902 917 10
e 903 927 6
e 904 912 9
e 904 954 8
e 906 932 5
e 908 949 7
e 908 992 10
e 909 910 4
e 909 936 7
e 909 970 3
e 910 994 3
e 912 940 5
e 913 932 5
e 913 997 8
e 914 947 6
e 916 938 1
e 916 948 1
e 916 950 2
e 918 959 5
e 920 969 2
e 921 938 4
e 921 959 9
e 921 999 10
e 922 967 6
e 923 986 5
e 924 991 7
e 925 946 6
e 926 970 9
e 926 989 6
e 926 993 5
e 927 996 1
e 930 991 4
e 931 953 9
e 932 965 5
e 932 975 7
e 938 943 2
e 939 982 6
e 941 953 10
e 941 981 5
e 943 980 10
e 950 967 3
e 953 992 2
e 953 996 7
e 954 983 3
e 954 996 7
e 957 981 6
e 957 996 2
e 966 985 6
e 970 979 3
e 978 996 8
e 984 995 2
e 986 988 6
e 987 999 4
e 990 997 2
e 993 997 1
